1020 690
30 19
30 30 30 30 30 30 30 30 30 30 30 30 30 30 30 28 28 28 28 28 28 28 28 28 28 28 28 28 28 28 7 7 7 7 7 7 7 7 7 7 7 7 7 7 7 11 11 11 11 11 11 11 11 11 11 11 11 11 11 11 9 9 9 9 9 9 9 9 9 9 9 9 9 9 9 4 4 4 4 4 4 4 4 4 4 4 4 4 4 4 8 8 8 8 8 8 8 8 8 8 8 8 8 8 8 12 12 12 12 12 12 12 12 12 12 12 12 12 12 12 8 8 8 8 8 8 8 8 8 8 8 8 8 8 8 7 7 7 7 7 7 7 7 7 7 7 7 7 7 7 12 12 12 12 12 12 12 12 12 12 12 12 12 12 12 10 10 10 10 10 10 10 10 10 10 10 10 10 10 10 12 12 12 12 12 12 12 12 12 12 12 12 12 12 12 11 11 11 11 11 11 11 11 11 11 11 11 11 11 11 10 10 10 10 10 10 10 10 10 10 10 10 10 10 10 7 7 7 7 7 7 7 7 7 7 7 7 7 7 7 10 10 10 10 10 10 10 10 10 10 10 10 10 10 10 10 10 10 10 10 10 10 10 10 10 10 10 10 10 10 13 13 13 13 13 13 13 13 13 13 13 13 13 13 13 7 7 7 7 7 7 7 7 7 7 7 7 7 7 7 8 8 8 8 8 8 8 8 8 8 8 8 8 8 8 11 11 11 11 11 11 11 11 11 11 11 11 11 11 11 12 12 12 12 12 12 12 12 12 12 12 12 12 12 12 5 5 5 5 5 5 5 5 5 5 5 5 5 5 5 6 6 6 6 6 6 6 6 6 6 6 6 6 6 6 6 6 6 6 6 6 6 6 6 6 6 6 6 6 6 1 1 1 1 1 1 1 1 1 1 1 1 1 1 1 1 1 1 1 1 1 1 1 1 1 1 1 1 1 1 1 1 1 1 1 1 1 1 1 1 1 1 1 1 1 1 1 1 1 1 1 1 1 1 1 1 1 1 1 1 1 1 1 1 1 1 1 1 1 1 1 1 1 1 1 1 1 1 1 1 1 1 1 1 1 1 1 1 1 1 1 1 1 1 1 1 1 1 1 1 1 1 1 1 1 1 1 1 1 1 1 1 1 1 1 1 1 1 1 1 1 1 1 1 1 1 1 1 1 1 1 1 1 1 1 1 1 1 1 1 1 1 1 1 1 1 1 1 1 1 1 1 1 1 1 1 1 1 1 1 1 1 1 1 1 1 1 1 1 1 1 1 1 1 1 1 1 1 1 1 1 1 1 1 1 1 1 1 1 1 1 1 1 1 1 1 1 1 1 1 1 1 1 1 1 1 1 1 1 1 1 1 1 1 1 1 1 1 1 1 1 1 1 1 1 1 1 1 1 1 1 1 1 1 1 1 1 1 1 1 1 1 1 1 1 1 1 1 1 1 1 1 1 1 1 1 1 1 1 1 1 1 1 1 1 1 1 1 1 1 1 1 1 1 1 1 1 1 1 1 1 1 1 1 1 1 1 1 1 1 1 1 1 1 1 1 1 1 1 1 1 1 1 1 1 1 1 1 1 1 1 1 1 1 1 1 1 1 1 1 1 1 1 1 1 1 1 1 1 1 1 1 1 1 1 1 1 1 1 1 1 1 1 1 1 1 1 1 1 1 1 1 1 1 1 1 1 1 1 1 1 1 1 1 1 1 1 1 1 1 1 1 1 1 1 1 1 1 1 1 1 1 1 1 1 1 1 1 1 1 1 1 1 1 1 1 1 1 1 1 1 1 1 1 1 1 1 1 1 1 1 1 1 1 1 1 1 1 1 1 1 1 1 1 1 1 1 1 1 1 1 1 1 1 1 1 1 1 1 1 1 1 1 1 1 1 1 1 1 1 1 1 1 1 1 1 1 1 1 1 1 1 1 1 1 1 1 1 1 1 1 1 1 1 1 1 1 1 1 1 1 1 1 1 1 1 1 1 1 1 1 1 1 1 1 1 1 1 1 1 1 1 1 1 1 1 1 1 1 1 1 1 1 1 1 1 1 1 1 1 1 1 1 1 1 1 1 1 1 1 1 1 1 1 1 1 1 1 1 1 1 1 1 1 1 1 1 1 1 1 1 1 1 1 1 1 1 1 1 1 1 1 1 1 1 1 1 1 1 1 1 1 1 1 1 1 1 1 1 1 1 1 1 1 1 1 1 1 1 1 1 1 1 1 1 1 1 1 1 1 1 1 1 1 1 1 1 1 1 1 1 1 1 1 1 1 1 1 1 1 1 1 1 1 1 1 1 1 1 1 
19 19 19 19 19 19 19 19 19 19 19 19 19 19 19 19 19 19 19 19 19 19 19 19 19 19 19 19 19 19 19 19 19 19 19 19 19 19 19 19 19 19 19 19 19 19 19 19 19 19 19 19 19 19 19 19 19 19 19 19 3 3 3 3 3 3 3 3 3 3 3 3 3 3 3 8 8 8 8 8 8 8 8 8 8 8 8 8 8 8 9 9 9 9 9 9 9 9 9 9 9 9 9 9 9 7 7 7 7 7 7 7 7 7 7 7 7 7 7 7 10 10 10 10 10 10 10 10 10 10 10 10 10 10 10 9 9 9 9 9 9 9 9 9 9 9 9 9 9 9 7 7 7 7 7 7 7 7 7 7 7 7 7 7 7 8 8 8 8 8 8 8 8 8 8 8 8 8 8 8 7 7 7 7 7 7 7 7 7 7 7 7 7 7 7 6 6 6 6 6 6 6 6 6 6 6 6 6 6 6 7 7 7 7 7 7 7 7 7 7 7 7 7 7 7 7 7 7 7 7 7 7 7 7 7 7 7 7 7 7 6 6 6 6 6 6 6 6 6 6 6 6 6 6 6 6 6 6 6 6 6 6 6 6 6 6 6 6 6 6 6 6 6 6 6 6 6 6 6 6 6 6 6 6 6 6 6 6 6 6 6 6 6 6 6 6 6 6 6 6 6 6 6 6 6 6 6 6 6 6 6 6 6 6 6 6 6 6 6 6 6 6 6 6 6 6 6 6 6 6 5 5 5 5 5 5 5 5 5 5 5 5 5 5 5 5 5 5 5 5 5 5 5 5 5 5 5 5 5 5 6 6 6 6 6 6 6 6 6 6 6 6 6 6 6 5 5 5 5 5 5 5 5 5 5 5 5 5 5 5 5 5 5 5 5 5 5 5 5 5 5 5 5 5 5 4 4 4 4 4 4 4 4 4 4 4 4 4 4 4 5 5 5 5 5 5 5 5 5 5 5 5 5 5 5 5 5 5 5 5 5 5 5 5 5 5 5 5 5 5 5 5 5 5 5 5 5 5 5 5 5 5 5 5 5 5 5 5 5 5 5 5 5 5 5 5 5 5 5 5 5 5 5 5 5 5 5 5 5 5 5 5 5 5 5 5 5 5 5 5 5 5 5 5 5 5 5 5 5 5 5 5 5 5 5 5 5 5 5 5 5 5 5 5 5 5 5 5 5 5 5 5 5 5 5 5 5 5 5 5 5 5 5 5 5 5 5 5 5 5 5 5 5 5 5 4 4 4 4 4 4 4 4 4 4 4 4 4 4 4 5 5 5 5 5 5 5 5 5 5 5 5 5 5 5 5 5 5 5 5 5 5 5 5 5 5 5 5 5 5 4 4 4 4 4 4 4 4 4 4 4 4 4 4 4 5 5 5 5 5 5 5 5 5 5 5 5 5 5 5 4 4 4 4 4 4 4 4 4 4 4 4 4 4 4 5 5 5 5 5 5 5 5 5 5 5 5 5 5 5 5 5 5 5 5 5 5 5 5 5 5 5 5 5 5 4 4 4 4 4 4 4 4 4 4 4 4 4 4 4 
1	25	37	53	72	89	102	119	135	147	166	190	201	222	232	268	287	314	336	374	393	434	461	483	515	545	585	612	634	665
2	26	38	54	73	90	103	120	121	148	167	191	202	223	233	269	288	315	337	375	394	435	462	484	516	546	571	613	635	666
3	27	39	55	74	76	104	106	122	149	168	192	203	224	234	270	289	301	338	361	395	421	463	485	517	547	572	614	636	667
4	28	40	56	75	77	105	107	123	150	169	193	204	225	235	256	290	302	339	362	396	422	464	486	518	548	573	615	637	668
5	29	41	57	61	78	91	108	124	136	170	194	205	211	236	257	291	303	340	363	397	423	465	487	519	549	574	601	638	669
6	30	42	58	62	79	92	109	125	137	171	195	206	212	237	258	292	304	341	364	398	424	451	488	520	550	575	602	639	670
7	16	43	59	63	80	93	110	126	138	172	181	207	213	238	259	293	305	342	365	399	425	452	489	521	551	576	603	640	671
8	17	44	60	64	81	94	111	127	139	173	182	208	214	239	260	294	306	343	366	400	426	453	490	522	552	577	604	641	672
9	18	45	46	65	82	95	112	128	140	174	183	209	215	240	261	295	307	344	367	401	427	454	491	523	553	578	605	642	673
10	19	31	47	66	83	96	113	129	141	175	184	210	216	226	262	296	308	345	368	402	428	455	492	524	554	579	606	643	674
11	20	32	48	67	84	97	114	130	142	176	185	196	217	227	263	297	309	331	369	403	429	456	493	525	555	580	607	644	675
12	21	33	49	68	85	98	115	131	143	177	186	197	218	228	264	298	310	332	370	404	430	457	494	511	541	581	608	645	661
13	22	34	50	69	86	99	116	132	144	178	187	198	219	229	265	299	311	333	371	405	431	458	495	512	542	582	609	631	662
14	23	35	51	70	87	100	117	133	145	179	188	199	220	230	266	300	312	334	372	391	432	459	481	513	543	583	610	632	663
15	24	36	52	71	88	101	118	134	146	180	189	200	221	231	267	286	313	335	373	392	433	460	482	514	544	584	611	633	664
14	42	53	75	85	110	121	139	155	171	191	238	253	283	298	329	356	379	406	444	468	507	535	557	591	623	654	679
15	43	54	61	86	111	122	140	156	172	192	239	254	284	299	330	357	380	407	445	469	508	536	558	592	624	655	680
1	44	55	62	87	112	123	141	157	173	193	240	255	285	300	316	358	381	408	446	470	509	537	559	593	625	656	681
2	45	56	63	88	113	124	142	158	174	194	226	241	271	286	317	359	382	409	447	471	510	538	560	594	626	657	682
3	31	57	64	89	114	125	143	159	175	195	227	242	272	287	318	360	383	410	448	472	496	539	561	595	627	658	683
4	32	58	65	90	115	126	144	160	176	181	228	243	273	288	319	346	384	411	449	473	497	540	562	596	628	659	684
5	33	59	66	76	116	127	145	161	177	182	229	244	274	289	320	347	385	412	450	474	498	526	563	597	629	660	685
6	34	60	67	77	117	128	146	162	178	183	230	245	275	290	321	348	386	413	436	475	499	527	564	598	630	646	686
7	35	46	68	78	118	129	147	163	179	184	231	246	276	291	322	349	387	414	437	476	500	528	565	599	616	647	687
8	36	47	69	79	119	130	148	164	180	185	232	247	277	292	323	350	388	415	438	477	501	529	566	600	617	648	688
9	37	48	70	80	120	131	149	165	166	186	233	248	278	293	324	351	389	416	439	478	502	530	567	586	618	649	689
10	38	49	71	81	106	132	150	151	167	187	234	249	279	294	325	352	390	417	440	479	503	531	568	587	619	650	690
11	39	50	72	82	107	133	136	152	168	188	235	250	280	295	326	353	376	418	441	480	504	532	569	588	620	651	676
12	40	51	73	83	108	134	137	153	169	189	236	251	281	296	327	354	377	419	442	466	505	533	570	589	621	652	677
13	41	52	74	84	109	135	138	154	170	190	237	252	282	297	328	355	378	420	443	467	506	534	556	590	622	653	678
10	20	31	165	354	395	499
11	21	32	151	355	396	500
12	22	33	152	356	397	501
13	23	34	153	357	398	502
14	24	35	154	358	399	503
15	25	36	155	359	400	504
1	26	37	156	360	401	505
2	27	38	157	346	402	506
3	28	39	158	347	403	507
4	29	40	159	348	404	508
5	30	41	160	349	405	509
6	16	42	161	350	391	510
7	17	43	162	351	392	496
8	18	44	163	352	393	497
9	19	45	164	353	394	498
2	30	49	89	130	206	254	309	363	593	622
3	16	50	90	131	207	255	310	364	594	623
4	17	51	76	132	208	241	311	365	595	624
5	18	52	77	133	209	242	312	366	596	625
6	19	53	78	134	210	243	313	367	597	626
7	20	54	79	135	196	244	314	368	598	627
8	21	55	80	121	197	245	315	369	599	628
9	22	56	81	122	198	246	301	370	600	629
10	23	57	82	123	199	247	302	371	586	630
11	24	58	83	124	200	248	303	372	587	616
12	25	59	84	125	201	249	304	373	588	617
13	26	60	85	126	202	250	305	374	589	618
14	27	46	86	127	203	251	306	375	590	619
15	28	47	87	128	204	252	307	361	591	620
1	29	48	88	129	205	253	308	362	592	621
20	45	51	107	156	374	402	423	641
21	31	52	108	157	375	403	424	642
22	32	53	109	158	361	404	425	643
23	33	54	110	159	362	405	426	644
24	34	55	111	160	363	391	427	645
25	35	56	112	161	364	392	428	631
26	36	57	113	162	365	393	429	632
27	37	58	114	163	366	394	430	633
28	38	59	115	164	367	395	431	634
29	39	60	116	165	368	396	432	635
30	40	46	117	151	369	397	433	636
16	41	47	118	152	370	398	434	637
17	42	48	119	153	371	399	435	638
18	43	49	120	154	372	400	421	639
19	44	50	106	155	373	401	422	640
7	23	35	329
8	24	36	330
9	25	37	316
10	26	38	317
11	27	39	318
12	28	40	319
13	29	41	320
14	30	42	321
15	16	43	322
1	17	44	323
2	18	45	324
3	19	31	325
4	20	32	326
5	21	33	327
6	22	34	328
8	34	48	99	385	414	532	682
9	35	49	100	386	415	533	683
10	36	50	101	387	416	534	684
11	37	51	102	388	417	535	685
12	38	52	103	389	418	536	686
13	39	53	104	390	419	537	687
14	40	54	105	376	420	538	688
15	41	55	91	377	406	539	689
1	42	56	92	378	407	540	690
2	43	57	93	379	408	526	676
3	44	58	94	380	409	527	677
4	45	59	95	381	410	528	678
5	31	60	96	382	411	529	679
6	32	46	97	383	412	530	680
7	33	47	98	384	413	531	681
29	32	55	119	161	207	292	380	467	514	598	675
30	33	56	120	162	208	293	381	468	515	599	661
16	34	57	106	163	209	294	382	469	516	600	662
17	35	58	107	164	210	295	383	470	517	586	663
18	36	59	108	165	196	296	384	471	518	587	664
19	37	60	109	151	197	297	385	472	519	588	665
20	38	46	110	152	198	298	386	473	520	589	666
21	39	47	111	153	199	299	387	474	521	590	667
22	40	48	112	154	200	300	388	475	522	591	668
23	41	49	113	155	201	286	389	476	523	592	669
24	42	50	114	156	202	287	390	477	524	593	670
25	43	51	115	157	203	288	376	478	525	594	671
26	44	52	116	158	204	289	377	479	511	595	672
27	45	53	117	159	205	290	378	480	512	596	673
28	31	54	118	160	206	291	379	466	513	597	674
24	44	55	120	156	298	412	603
25	45	56	106	157	299	413	604
26	31	57	107	158	300	414	605
27	32	58	108	159	286	415	606
28	33	59	109	160	287	416	607
29	34	60	110	161	288	417	608
30	35	46	111	162	289	418	609
16	36	47	112	163	290	419	610
17	37	48	113	164	291	420	611
18	38	49	114	165	292	406	612
19	39	50	115	151	293	407	613
20	40	51	116	152	294	408	614
21	41	52	117	153	295	409	615
22	42	53	118	154	296	410	601
23	43	54	119	155	297	411	602
8	20	37	308	571	626	669
9	21	38	309	572	627	670
10	22	39	310	573	628	671
11	23	40	311	574	629	672
12	24	41	312	575	630	673
13	25	42	313	576	616	674
14	26	43	314	577	617	675
15	27	44	315	578	618	661
1	28	45	301	579	619	662
2	29	31	302	580	620	663
3	30	32	303	581	621	664
4	16	33	304	582	622	665
5	17	34	305	583	623	666
6	18	35	306	584	624	667
7	19	36	307	585	625	668
1	38	60	98	140	192	231	300	349	462	575	688
2	39	46	99	141	193	232	286	350	463	576	689
3	40	47	100	142	194	233	287	351	464	577	690
4	41	48	101	143	195	234	288	352	465	578	676
5	42	49	102	144	181	235	289	353	451	579	677
6	43	50	103	145	182	236	290	354	452	580	678
7	44	51	104	146	183	237	291	355	453	581	679
8	45	52	105	147	184	238	292	356	454	582	680
9	31	53	91	148	185	239	293	357	455	583	681
10	32	54	92	149	186	240	294	358	456	584	682
11	33	55	93	150	187	226	295	359	457	585	683
12	34	56	94	136	188	227	296	360	458	571	684
13	35	57	95	137	189	228	297	346	459	572	685
14	36	58	96	138	190	229	298	347	460	573	686
15	37	59	97	139	191	230	299	348	461	574	687
6	20	55	96	140	181	247	314	370	504
7	21	56	97	141	182	248	315	371	505
8	22	57	98	142	183	249	301	372	506
9	23	58	99	143	184	250	302	373	507
10	24	59	100	144	185	251	303	374	508
11	25	60	101	145	186	252	304	375	509
12	26	46	102	146	187	253	305	361	510
13	27	47	103	147	188	254	306	362	496
14	28	48	104	148	189	255	307	363	497
15	29	49	105	149	190	241	308	364	498
1	30	50	91	150	191	242	309	365	499
2	16	51	92	136	192	243	310	366	500
3	17	52	93	137	193	244	311	367	501
4	18	53	94	138	194	245	312	368	502
5	19	54	95	139	195	246	313	369	503
8	22	54	83	123	167	217	281	344	491	531	581
9	23	55	84	124	168	218	282	345	492	532	582
10	24	56	85	125	169	219	283	331	493	533	583
11	25	57	86	126	170	220	284	332	494	534	584
12	26	58	87	127	171	221	285	333	495	535	585
13	27	59	88	128	172	222	271	334	481	536	571
14	28	60	89	129	173	223	272	335	482	537	572
15	29	46	90	130	174	224	273	336	483	538	573
1	30	47	76	131	175	225	274	337	484	539	574
2	16	48	77	132	176	211	275	338	485	540	575
3	17	49	78	133	177	212	276	339	486	526	576
4	18	50	79	134	178	213	277	340	487	527	577
5	19	51	80	135	179	214	278	341	488	528	578
6	20	52	81	121	180	215	279	342	489	529	579
7	21	53	82	122	166	216	280	343	490	530	580
1	40	52	104	149	188	233	271	340	455	562
2	41	53	105	150	189	234	272	341	456	563
3	42	54	91	136	190	235	273	342	457	564
4	43	55	92	137	191	236	274	343	458	565
5	44	56	93	138	192	237	275	344	459	566
6	45	57	94	139	193	238	276	345	460	567
7	31	58	95	140	194	239	277	331	461	568
8	32	59	96	141	195	240	278	332	462	569
9	33	60	97	142	181	226	279	333	463	570
10	34	46	98	143	182	227	280	334	464	556
11	35	47	99	144	183	228	281	335	465	557
12	36	48	100	145	184	229	282	336	451	558
13	37	49	101	146	185	230	283	337	452	559
14	38	50	102	147	186	231	284	338	453	560
15	39	51	103	148	187	232	285	339	454	561
26	35	59	118	157	264	390	449	495	544
27	36	60	119	158	265	376	450	481	545
28	37	46	120	159	266	377	436	482	546
29	38	47	106	160	267	378	437	483	547
30	39	48	107	161	268	379	438	484	548
16	40	49	108	162	269	380	439	485	549
17	41	50	109	163	270	381	440	486	550
18	42	51	110	164	256	382	441	487	551
19	43	52	111	165	257	383	442	488	552
20	44	53	112	151	258	384	443	489	553
21	45	54	113	152	259	385	444	490	554
22	31	55	114	153	260	386	445	491	555
23	32	56	115	154	261	387	446	492	541
24	33	57	116	155	262	388	447	493	542
25	34	58	117	156	263	389	448	494	543
1	21	43	224	398	519	544
2	22	44	225	399	520	545
3	23	45	211	400	521	546
4	24	31	212	401	522	547
5	25	32	213	402	523	548
6	26	33	214	403	524	549
7	27	34	215	404	525	550
8	28	35	216	405	511	551
9	29	36	217	391	512	552
10	30	37	218	392	513	553
11	16	38	219	393	514	554
12	17	39	220	394	515	555
13	18	40	221	395	516	541
14	19	41	222	396	517	542
15	20	42	223	397	518	543
9	28	56	76	124	180	221	270	326	654
10	29	57	77	125	166	222	256	327	655
11	30	58	78	126	167	223	257	328	656
12	16	59	79	127	168	224	258	329	657
13	17	60	80	128	169	225	259	330	658
14	18	46	81	129	170	211	260	316	659
15	19	47	82	130	171	212	261	317	660
1	20	48	83	131	172	213	262	318	646
2	21	49	84	132	173	214	263	319	647
3	22	50	85	133	174	215	264	320	648
4	23	51	86	134	175	216	265	321	649
5	24	52	87	135	176	217	266	322	650
6	25	53	88	121	177	218	267	323	651
7	26	54	89	122	178	219	268	324	652
8	27	55	90	123	179	220	269	325	653
19	40	59	94	149	214	262	333	511	601
20	41	60	95	150	215	263	334	512	602
21	42	46	96	136	216	264	335	513	603
22	43	47	97	137	217	265	336	514	604
23	44	48	98	138	218	266	337	515	605
24	45	49	99	139	219	267	338	516	606
25	31	50	100	140	220	268	339	517	607
26	32	51	101	141	221	269	340	518	608
27	33	52	102	142	222	270	341	519	609
28	34	53	103	143	223	256	342	520	610
29	35	54	104	144	224	257	343	521	611
30	36	55	105	145	225	258	344	522	612
16	37	56	91	146	211	259	345	523	613
17	38	57	92	147	212	260	331	524	614
18	39	58	93	148	213	261	332	525	615
6	41	51	99	149	191	234	278	357	438	546	622	657
7	42	52	100	150	192	235	279	358	439	547	623	658
8	43	53	101	136	193	236	280	359	440	548	624	659
9	44	54	102	137	194	237	281	360	441	549	625	660
10	45	55	103	138	195	238	282	346	442	550	626	646
11	31	56	104	139	181	239	283	347	443	551	627	647
12	32	57	105	140	182	240	284	348	444	552	628	648
13	33	58	91	141	183	226	285	349	445	553	629	649
14	34	59	92	142	184	227	271	350	446	554	630	650
15	35	60	93	143	185	228	272	351	447	555	616	651
1	36	46	94	144	186	229	273	352	448	541	617	652
2	37	47	95	145	187	230	274	353	449	542	618	653
3	38	48	96	146	188	231	275	354	450	543	619	654
4	39	49	97	147	189	232	276	355	436	544	620	655
5	40	50	98	148	190	233	277	356	437	545	621	656
1	18	39	126	272	431	594
2	19	40	127	273	432	595
3	20	41	128	274	433	596
4	21	42	129	275	434	597
5	22	43	130	276	435	598
6	23	44	131	277	421	599
7	24	45	132	278	422	600
8	25	31	133	279	423	586
9	26	32	134	280	424	587
10	27	33	135	281	425	588
11	28	34	121	282	426	589
12	29	35	122	283	427	590
13	30	36	123	284	428	591
14	16	37	124	285	429	592
15	17	38	125	271	430	593
1	41	54	93	141	198	251	326
2	42	55	94	142	199	252	327
3	43	56	95	143	200	253	328
4	44	57	96	144	201	254	329
5	45	58	97	145	202	255	330
6	31	59	98	146	203	241	316
7	32	60	99	147	204	242	317
8	33	46	100	148	205	243	318
9	34	47	101	149	206	244	319
10	35	48	102	150	207	245	320
11	36	49	103	136	208	246	321
12	37	50	104	137	209	247	322
13	38	51	105	138	210	248	323
14	39	52	91	139	196	249	324
15	40	53	92	140	197	250	325
14	25	52	76	132	179	225	262	325	426	506
15	26	53	77	133	180	211	263	326	427	507
1	27	54	78	134	166	212	264	327	428	508
2	28	55	79	135	167	213	265	328	429	509
3	29	56	80	121	168	214	266	329	430	510
4	30	57	81	122	169	215	267	330	431	496
5	16	58	82	123	170	216	268	316	432	497
6	17	59	83	124	171	217	269	317	433	498
7	18	60	84	125	172	218	270	318	434	499
8	19	46	85	126	173	219	256	319	435	500
9	20	47	86	127	174	220	257	320	421	501
10	21	48	87	128	175	221	258	321	422	502
11	22	49	88	129	176	222	259	322	423	503
12	23	50	89	130	177	223	260	323	424	504
13	24	51	90	131	178	224	261	324	425	505
15	16	60	76	133	166	246	306	363	471	531	663
1	17	46	77	134	167	247	307	364	472	532	664
2	18	47	78	135	168	248	308	365	473	533	665
3	19	48	79	121	169	249	309	366	474	534	666
4	20	49	80	122	170	250	310	367	475	535	667
5	21	50	81	123	171	251	311	368	476	536	668
6	22	51	82	124	172	252	312	369	477	537	669
7	23	52	83	125	173	253	313	370	478	538	670
8	24	53	84	126	174	254	314	371	479	539	671
9	25	54	85	127	175	255	315	372	480	540	672
10	26	55	86	128	176	241	301	373	466	526	673
11	27	56	87	129	177	242	302	374	467	527	674
12	28	57	88	130	178	243	303	375	468	528	675
13	29	58	89	131	179	244	304	361	469	529	661
14	30	59	90	132	180	245	305	362	470	530	662
1	16	179	196	560
2	17	180	197	561
3	18	166	198	562
4	19	167	199	563
5	20	168	200	564
6	21	169	201	565
7	22	170	202	566
8	23	171	203	567
9	24	172	204	568
10	25	173	205	569
11	26	174	206	570
12	27	175	207	556
13	28	176	208	557
14	29	177	209	558
15	30	178	210	559
16	31	128	451	495	635
17	32	129	452	481	636
18	33	130	453	482	637
19	34	131	454	483	638
20	35	132	455	484	639
21	36	133	456	485	640
22	37	134	457	486	641
23	38	135	458	487	642
24	39	121	459	488	643
25	40	122	460	489	644
26	41	123	461	490	645
27	42	124	462	491	631
28	43	125	463	492	632
29	44	126	464	493	633
30	45	127	465	494	634
31	46	237	438	478	656
32	47	238	439	479	657
33	48	239	440	480	658
34	49	240	441	466	659
35	50	226	442	467	660
36	51	227	443	468	646
37	52	228	444	469	647
38	53	229	445	470	648
39	54	230	446	471	649
40	55	231	447	472	650
41	56	232	448	473	651
42	57	233	449	474	652
43	58	234	450	475	653
44	59	235	436	476	654
45	60	236	437	477	655
61
62
63
64
65
66
67
68
69
70
71
72
73
74
75
76
77
78
79
80
81
82
83
84
85
86
87
88
89
90
91
92
93
94
95
96
97
98
99
100
101
102
103
104
105
106
107
108
109
110
111
112
113
114
115
116
117
118
119
120
121
122
123
124
125
126
127
128
129
130
131
132
133
134
135
136
137
138
139
140
141
142
143
144
145
146
147
148
149
150
151
152
153
154
155
156
157
158
159
160
161
162
163
164
165
166
167
168
169
170
171
172
173
174
175
176
177
178
179
180
181
182
183
184
185
186
187
188
189
190
191
192
193
194
195
196
197
198
199
200
201
202
203
204
205
206
207
208
209
210
211
212
213
214
215
216
217
218
219
220
221
222
223
224
225
226
227
228
229
230
231
232
233
234
235
236
237
238
239
240
241
242
243
244
245
246
247
248
249
250
251
252
253
254
255
256
257
258
259
260
261
262
263
264
265
266
267
268
269
270
271
272
273
274
275
276
277
278
279
280
281
282
283
284
285
286
287
288
289
290
291
292
293
294
295
296
297
298
299
300
301
302
303
304
305
306
307
308
309
310
311
312
313
314
315
316
317
318
319
320
321
322
323
324
325
326
327
328
329
330
331
332
333
334
335
336
337
338
339
340
341
342
343
344
345
346
347
348
349
350
351
352
353
354
355
356
357
358
359
360
361
362
363
364
365
366
367
368
369
370
371
372
373
374
375
376
377
378
379
380
381
382
383
384
385
386
387
388
389
390
391
392
393
394
395
396
397
398
399
400
401
402
403
404
405
406
407
408
409
410
411
412
413
414
415
416
417
418
419
420
421
422
423
424
425
426
427
428
429
430
431
432
433
434
435
436
437
438
439
440
441
442
443
444
445
446
447
448
449
450
451
452
453
454
455
456
457
458
459
460
461
462
463
464
465
466
467
468
469
470
471
472
473
474
475
476
477
478
479
480
481
482
483
484
485
486
487
488
489
490
491
492
493
494
495
496
497
498
499
500
501
502
503
504
505
506
507
508
509
510
511
512
513
514
515
516
517
518
519
520
521
522
523
524
525
526
527
528
529
530
531
532
533
534
535
536
537
538
539
540
541
542
543
544
545
546
547
548
549
550
551
552
553
554
555
556
557
558
559
560
561
562
563
564
565
566
567
568
569
570
571
572
573
574
575
576
577
578
579
580
581
582
583
584
585
586
587
588
589
590
591
592
593
594
595
596
597
598
599
600
601
602
603
604
605
606
607
608
609
610
611
612
613
614
615
616
617
618
619
620
621
622
623
624
625
626
627
628
629
630
631
632
633
634
635
636
637
638
639
640
641
642
643
644
645
646
647
648
649
650
651
652
653
654
655
656
657
658
659
660
661
662
663
664
665
666
667
668
669
670
671
672
673
674
675
676
677
678
679
680
681
682
683
684
685
686
687
688
689
690
1	18	37	60	85	99	144	151	176	189	196	226	248	281	286	301	318	332	346
2	19	38	46	86	100	145	152	177	190	197	227	249	282	287	302	319	333	347
3	20	39	47	87	101	146	153	178	191	198	228	250	283	288	303	320	334	348
4	21	40	48	88	102	147	154	179	192	199	229	251	284	289	304	321	335	349
5	22	41	49	89	103	148	155	180	193	200	230	252	285	290	305	322	336	350
6	23	42	50	90	104	149	156	166	194	201	231	253	271	291	306	323	337	351
7	24	43	51	76	105	150	157	167	195	202	232	254	272	292	307	324	338	352
8	25	44	52	77	91	136	158	168	181	203	233	255	273	293	308	325	339	353
9	26	45	53	78	92	137	159	169	182	204	234	241	274	294	309	326	340	354
10	27	31	54	79	93	138	160	170	183	205	235	242	275	295	310	327	341	355
11	28	32	55	80	94	139	161	171	184	206	236	243	276	296	311	328	342	356
12	29	33	56	81	95	140	162	172	185	207	237	244	277	297	312	329	343	357
13	30	34	57	82	96	141	163	173	186	208	238	245	278	298	313	330	344	358
14	16	35	58	83	97	142	164	174	187	209	239	246	279	299	314	316	345	359
15	17	36	59	84	98	143	165	175	188	210	240	247	280	300	315	317	331	360
7	42	47	72	84	108	128	147	177	190	216	236	244	268	299	322	331	346	361
8	43	48	73	85	109	129	148	178	191	217	237	245	269	300	323	332	347	362
9	44	49	74	86	110	130	149	179	192	218	238	246	270	286	324	333	348	363
10	45	50	75	87	111	131	150	180	193	219	239	247	256	287	325	334	349	364
11	31	51	61	88	112	132	136	166	194	220	240	248	257	288	326	335	350	365
12	32	52	62	89	113	133	137	167	195	221	226	249	258	289	327	336	351	366
13	33	53	63	90	114	134	138	168	181	222	227	250	259	290	328	337	352	367
14	34	54	64	76	115	135	139	169	182	223	228	251	260	291	329	338	353	368
15	35	55	65	77	116	121	140	170	183	224	229	252	261	292	330	339	354	369
1	36	56	66	78	117	122	141	171	184	225	230	253	262	293	316	340	355	370
2	37	57	67	79	118	123	142	172	185	211	231	254	263	294	317	341	356	371
3	38	58	68	80	119	124	143	173	186	212	232	255	264	295	318	342	357	372
4	39	59	69	81	120	125	144	174	187	213	233	241	265	296	319	343	358	373
5	40	60	70	82	106	126	145	175	188	214	234	242	266	297	320	344	359	374
6	41	46	71	83	107	127	146	176	189	215	235	243	267	298	321	345	360	375
10	20	31	62	87	103	120	123	145	159	202	222	229	262	276	293	306	361	376
11	21	32	63	88	104	106	124	146	160	203	223	230	263	277	294	307	362	377
12	22	33	64	89	105	107	125	147	161	204	224	231	264	278	295	308	363	378
13	23	34	65	90	91	108	126	148	162	205	225	232	265	279	296	309	364	379
14	24	35	66	76	92	109	127	149	163	206	211	233	266	280	297	310	365	380
15	25	36	67	77	93	110	128	150	164	207	212	234	267	281	298	311	366	381
1	26	37	68	78	94	111	129	136	165	208	213	235	268	282	299	312	367	382
2	27	38	69	79	95	112	130	137	151	209	214	236	269	283	300	313	368	383
3	28	39	70	80	96	113	131	138	152	210	215	237	270	284	286	314	369	384
4	29	40	71	81	97	114	132	139	153	196	216	238	256	285	287	315	370	385
5	30	41	72	82	98	115	133	140	154	197	217	239	257	271	288	301	371	386
6	16	42	73	83	99	116	134	141	155	198	218	240	258	272	289	302	372	387
7	17	43	74	84	100	117	135	142	156	199	219	226	259	273	290	303	373	388
8	18	44	75	85	101	118	121	143	157	200	220	227	260	274	291	304	374	389
9	19	45	61	86	102	119	122	144	158	201	221	228	261	275	292	305	375	390
9	24	58	71	104	112	127	152	172	188	205	213	246	258	281	308	325	332	376
10	25	59	72	105	113	128	153	173	189	206	214	247	259	282	309	326	333	377
11	26	60	73	91	114	129	154	174	190	207	215	248	260	283	310	327	334	378
12	27	46	74	92	115	130	155	175	191	208	216	249	261	284	311	328	335	379
13	28	47	75	93	116	131	156	176	192	209	217	250	262	285	312	329	336	380
14	29	48	61	94	117	132	157	177	193	210	218	251	263	271	313	330	337	381
15	30	49	62	95	118	133	158	178	194	196	219	252	264	272	314	316	338	382
1	16	50	63	96	119	134	159	179	195	197	220	253	265	273	315	317	339	383
2	17	51	64	97	120	135	160	180	181	198	221	254	266	274	301	318	340	384
3	18	52	65	98	106	121	161	166	182	199	222	255	267	275	302	319	341	385
4	19	53	66	99	107	122	162	167	183	200	223	241	268	276	303	320	342	386
5	20	54	67	100	108	123	163	168	184	201	224	242	269	277	304	321	343	387
6	21	55	68	101	109	124	164	169	185	202	225	243	270	278	305	322	344	388
7	22	56	69	102	110	125	165	170	186	203	211	244	256	279	306	323	345	389
8	23	57	70	103	111	126	151	171	187	204	212	245	257	280	307	324	331	390
5	17	391
6	18	392
7	19	393
8	20	394
9	21	395
10	22	396
11	23	397
12	24	398
13	25	399
14	26	400
15	27	401
1	28	402
2	29	403
3	30	404
4	16	405
3	22	48	189	241	316	331	406
4	23	49	190	242	317	332	407
5	24	50	191	243	318	333	408
6	25	51	192	244	319	334	409
7	26	52	193	245	320	335	410
8	27	53	194	246	321	336	411
9	28	54	195	247	322	337	412
10	29	55	181	248	323	338	413
11	30	56	182	249	324	339	414
12	16	57	183	250	325	340	415
13	17	58	184	251	326	341	416
14	18	59	185	252	327	342	417
15	19	60	186	253	328	343	418
1	20	46	187	254	329	344	419
2	21	47	188	255	330	345	420
5	98	159	176	198	268	278	314	421
6	99	160	177	199	269	279	315	422
7	100	161	178	200	270	280	301	423
8	101	162	179	201	256	281	302	424
9	102	163	180	202	257	282	303	425
10	103	164	166	203	258	283	304	426
11	104	165	167	204	259	284	305	427
12	105	151	168	205	260	285	306	428
13	91	152	169	206	261	271	307	429
14	92	153	170	207	262	272	308	430
15	93	154	171	208	263	273	309	431
1	94	155	172	209	264	274	310	432
2	95	156	173	210	265	275	311	433
3	96	157	174	196	266	276	312	434
4	97	158	175	197	267	277	313	435
3	27	75	108	122	214	436
4	28	61	109	123	215	437
5	29	62	110	124	216	438
6	30	63	111	125	217	439
7	16	64	112	126	218	440
8	17	65	113	127	219	441
9	18	66	114	128	220	442
10	19	67	115	129	221	443
11	20	68	116	130	222	444
12	21	69	117	131	223	445
13	22	70	118	132	224	446
14	23	71	119	133	225	447
15	24	72	120	134	211	448
1	25	73	106	135	212	449
2	26	74	107	121	213	450
2	16	52	194	253	296	320	334	369	451
3	17	53	195	254	297	321	335	370	452
4	18	54	181	255	298	322	336	371	453
5	19	55	182	241	299	323	337	372	454
6	20	56	183	242	300	324	338	373	455
7	21	57	184	243	286	325	339	374	456
8	22	58	185	244	287	326	340	375	457
9	23	59	186	245	288	327	341	361	458
10	24	60	187	246	289	328	342	362	459
11	25	46	188	247	290	329	343	363	460
12	26	47	189	248	291	330	344	364	461
13	27	48	190	249	292	316	345	365	462
14	28	49	191	250	293	317	331	366	463
15	29	50	192	251	294	318	332	367	464
1	30	51	193	252	295	319	333	368	465
5	28	162	177	198	258	273	311	466
6	29	163	178	199	259	274	312	467
7	30	164	179	200	260	275	313	468
8	16	165	180	201	261	276	314	469
9	17	151	166	202	262	277	315	470
10	18	152	167	203	263	278	301	471
11	19	153	168	204	264	279	302	472
12	20	154	169	205	265	280	303	473
13	21	155	170	206	266	281	304	474
14	22	156	171	207	267	282	305	475
15	23	157	172	208	268	283	306	476
1	24	158	173	209	269	284	307	477
2	25	159	174	210	270	285	308	478
3	26	160	175	196	256	271	309	479
4	27	161	176	197	257	272	310	480
27	32	71	111	131	220	481
28	33	72	112	132	221	482
29	34	73	113	133	222	483
30	35	74	114	134	223	484
16	36	75	115	135	224	485
17	37	61	116	121	225	486
18	38	62	117	122	211	487
19	39	63	118	123	212	488
20	40	64	119	124	213	489
21	41	65	120	125	214	490
22	42	66	106	126	215	491
23	43	67	107	127	216	492
24	44	68	108	128	217	493
25	45	69	109	129	218	494
26	31	70	110	130	219	495
1	26	195	242	318	331	348	496
2	27	181	243	319	332	349	497
3	28	182	244	320	333	350	498
4	29	183	245	321	334	351	499
5	30	184	246	322	335	352	500
6	16	185	247	323	336	353	501
7	17	186	248	324	337	354	502
8	18	187	249	325	338	355	503
9	19	188	250	326	339	356	504
10	20	189	251	327	340	357	505
11	21	190	252	328	341	358	506
12	22	191	253	329	342	359	507
13	23	192	254	330	343	360	508
14	24	193	255	316	344	346	509
15	25	194	241	317	345	347	510
7	21	155	166	204	276	511
8	22	156	167	205	277	512
9	23	157	168	206	278	513
10	24	158	169	207	279	514
11	25	159	170	208	280	515
12	26	160	171	209	281	516
13	27	161	172	210	282	517
14	28	162	173	196	283	518
15	29	163	174	197	284	519
1	30	164	175	198	285	520
2	16	165	176	199	271	521
3	17	151	177	200	272	522
4	18	152	178	201	273	523
5	19	153	179	202	274	524
6	20	154	180	203	275	525
11	51	110	314	346	526
12	52	111	315	347	527
13	53	112	301	348	528
14	54	113	302	349	529
15	55	114	303	350	530
1	56	115	304	351	531
2	57	116	305	352	532
3	58	117	306	353	533
4	59	118	307	354	534
5	60	119	308	355	535
6	46	120	309	356	536
7	47	106	310	357	537
8	48	107	311	358	538
9	49	108	312	359	539
10	50	109	313	360	540
5	190	228	246	268	317	541
6	191	229	247	269	318	542
7	192	230	248	270	319	543
8	193	231	249	256	320	544
9	194	232	250	257	321	545
10	195	233	251	258	322	546
11	181	234	252	259	323	547
12	182	235	253	260	324	548
13	183	236	254	261	325	549
14	184	237	255	262	326	550
15	185	238	241	263	327	551
1	186	239	242	264	328	552
2	187	240	243	265	329	553
3	188	226	244	266	330	554
4	189	227	245	267	316	555
10	19	161	204	278	380	556
11	20	162	205	279	381	557
12	21	163	206	280	382	558
13	22	164	207	281	383	559
14	23	165	208	282	384	560
15	24	151	209	283	385	561
1	25	152	210	284	386	562
2	26	153	196	285	387	563
3	27	154	197	271	388	564
4	28	155	198	272	389	565
5	29	156	199	273	390	566
6	30	157	200	274	376	567
7	16	158	201	275	377	568
8	17	159	202	276	378	569
9	18	160	203	277	379	570
19	48	175	306	341	571
20	49	176	307	342	572
21	50	177	308	343	573
22	51	178	309	344	574
23	52	179	310	345	575
24	53	180	311	331	576
25	54	166	312	332	577
26	55	167	313	333	578
27	56	168	314	334	579
28	57	169	315	335	580
29	58	170	301	336	581
30	59	171	302	337	582
16	60	172	303	338	583
17	46	173	304	339	584
18	47	174	305	340	585
4	218	242	265	325	586
5	219	243	266	326	587
6	220	244	267	327	588
7	221	245	268	328	589
8	222	246	269	329	590
9	223	247	270	330	591
10	224	248	256	316	592
11	225	249	257	317	593
12	211	250	258	318	594
13	212	251	259	319	595
14	213	252	260	320	596
15	214	253	261	321	597
1	215	254	262	322	598
2	216	255	263	323	599
3	217	241	264	324	600
19	186	196	279	300	601
20	187	197	280	286	602
21	188	198	281	287	603
22	189	199	282	288	604
23	190	200	283	289	605
24	191	201	284	290	606
25	192	202	285	291	607
26	193	203	271	292	608
27	194	204	272	293	609
28	195	205	273	294	610
29	181	206	274	295	611
30	182	207	275	296	612
16	183	208	276	297	613
17	184	209	277	298	614
18	185	210	278	299	615
15	19	115	124	152	616
1	20	116	125	153	617
2	21	117	126	154	618
3	22	118	127	155	619
4	23	119	128	156	620
5	24	120	129	157	621
6	25	106	130	158	622
7	26	107	131	159	623
8	27	108	132	160	624
9	28	109	133	161	625
10	29	110	134	162	626
11	30	111	135	163	627
12	16	112	121	164	628
13	17	113	122	165	629
14	18	114	123	151	630
3	53	144	168	341	631
4	54	145	169	342	632
5	55	146	170	343	633
6	56	147	171	344	634
7	57	148	172	345	635
8	58	149	173	331	636
9	59	150	174	332	637
10	60	136	175	333	638
11	46	137	176	334	639
12	47	138	177	335	640
13	48	139	178	336	641
14	49	140	179	337	642
15	50	141	180	338	643
1	51	142	166	339	644
2	52	143	167	340	645
18	78	246	306	322	646
19	79	247	307	323	647
20	80	248	308	324	648
21	81	249	309	325	649
22	82	250	310	326	650
23	83	251	311	327	651
24	84	252	312	328	652
25	85	253	313	329	653
26	86	254	314	330	654
27	87	255	315	316	655
28	88	241	301	317	656
29	89	242	302	318	657
30	90	243	303	319	658
16	76	244	304	320	659
17	77	245	305	321	660
11	183	202	269	661
12	184	203	270	662
13	185	204	256	663
14	186	205	257	664
15	187	206	258	665
1	188	207	259	666
2	189	208	260	667
3	190	209	261	668
4	191	210	262	669
5	192	196	263	670
6	193	197	264	671
7	194	198	265	672
8	195	199	266	673
9	181	200	267	674
10	182	201	268	675
21	38	163	275	676
22	39	164	276	677
23	40	165	277	678
24	41	151	278	679
25	42	152	279	680
26	43	153	280	681
27	44	154	281	682
28	45	155	282	683
29	31	156	283	684
30	32	157	284	685
16	33	158	285	686
17	34	159	271	687
18	35	160	272	688
19	36	161	273	689
20	37	162	274	690
3	59	63	172	344	691
4	60	64	173	345	692
5	46	65	174	331	693
6	47	66	175	332	694
7	48	67	176	333	695
8	49	68	177	334	696
9	50	69	178	335	697
10	51	70	179	336	698
11	52	71	180	337	699
12	53	72	166	338	700
13	54	73	167	339	701
14	55	74	168	340	702
15	56	75	169	341	703
1	57	61	170	342	704
2	58	62	171	343	705
28	97	117	212	706
29	98	118	213	707
30	99	119	214	708
16	100	120	215	709
17	101	106	216	710
18	102	107	217	711
19	103	108	218	712
20	104	109	219	713
21	105	110	220	714
22	91	111	221	715
23	92	112	222	716
24	93	113	223	717
25	94	114	224	718
26	95	115	225	719
27	96	116	211	720
14	42	65	234	721
15	43	66	235	722
1	44	67	236	723
2	45	68	237	724
3	31	69	238	725
4	32	70	239	726
5	33	71	240	727
6	34	72	226	728
7	35	73	227	729
8	36	74	228	730
9	37	75	229	731
10	38	61	230	732
11	39	62	231	733
12	40	63	232	734
13	41	64	233	735
16	98	130	736
17	99	131	737
18	100	132	738
19	101	133	739
20	102	134	740
21	103	135	741
22	104	121	742
23	105	122	743
24	91	123	744
25	92	124	745
26	93	125	746
27	94	126	747
28	95	127	748
29	96	128	749
30	97	129	750
3	74	291	326	751
4	75	292	327	752
5	61	293	328	753
6	62	294	329	754
7	63	295	330	755
8	64	296	316	756
9	65	297	317	757
10	66	298	318	758
11	67	299	319	759
12	68	300	320	760
13	69	286	321	761
14	70	287	322	762
15	71	288	323	763
1	72	289	324	764
2	73	290	325	765
23	213	284	389	766
24	214	285	390	767
25	215	271	376	768
26	216	272	377	769
27	217	273	378	770
28	218	274	379	771
29	219	275	380	772
30	220	276	381	773
16	221	277	382	774
17	222	278	383	775
18	223	279	384	776
19	224	280	385	777
20	225	281	386	778
21	211	282	387	779
22	212	283	388	780
6	155	207	361	781
7	156	208	362	782
8	157	209	363	783
9	158	210	364	784
10	159	196	365	785
11	160	197	366	786
12	161	198	367	787
13	162	199	368	788
14	163	200	369	789
15	164	201	370	790
1	165	202	371	791
2	151	203	372	792
3	152	204	373	793
4	153	205	374	794
5	154	206	375	795
29	120	341	379	796
30	106	342	380	797
16	107	343	381	798
17	108	344	382	799
18	109	345	383	800
19	110	331	384	801
20	111	332	385	802
21	112	333	386	803
22	113	334	387	804
23	114	335	388	805
24	115	336	389	806
25	116	337	390	807
26	117	338	376	808
27	118	339	377	809
28	119	340	378	810
14	186	212	362	811
15	187	213	363	812
1	188	214	364	813
2	189	215	365	814
3	190	216	366	815
4	191	217	367	816
5	192	218	368	817
6	193	219	369	818
7	194	220	370	819
8	195	221	371	820
9	181	222	372	821
10	182	223	373	822
11	183	224	374	823
12	184	225	375	824
13	185	211	361	825
20	43	173	321	826
21	44	174	322	827
22	45	175	323	828
23	31	176	324	829
24	32	177	325	830
25	33	178	326	831
26	34	179	327	832
27	35	180	328	833
28	36	166	329	834
29	37	167	330	835
30	38	168	316	836
16	39	169	317	837
17	40	170	318	838
18	41	171	319	839
19	42	172	320	840
12	118	233	256	841
13	119	234	257	842
14	120	235	258	843
15	106	236	259	844
1	107	237	260	845
2	108	238	261	846
3	109	239	262	847
4	110	240	263	848
5	111	226	264	849
6	112	227	265	850
7	113	228	266	851
8	114	229	267	852
9	115	230	268	853
10	116	231	269	854
11	117	232	270	855
22	100	191	341	856
23	101	192	342	857
24	102	193	343	858
25	103	194	344	859
26	104	195	345	860
27	105	181	331	861
28	91	182	332	862
29	92	183	333	863
30	93	184	334	864
16	94	185	335	865
17	95	186	336	866
18	96	187	337	867
19	97	188	338	868
20	98	189	339	869
21	99	190	340	870
12	223	238	281	871
13	224	239	282	872
14	225	240	283	873
15	211	226	284	874
1	212	227	285	875
2	213	228	271	876
3	214	229	272	877
4	215	230	273	878
5	216	231	274	879
6	217	232	275	880
7	218	233	276	881
8	219	234	277	882
9	220	235	278	883
10	221	236	279	884
11	222	237	280	885
30	205	357	886
16	206	358	887
17	207	359	888
18	208	360	889
19	209	346	890
20	210	347	891
21	196	348	892
22	197	349	893
23	198	350	894
24	199	351	895
25	200	352	896
26	201	353	897
27	202	354	898
28	203	355	899
29	204	356	900
2	136	162	186	901
3	137	163	187	902
4	138	164	188	903
5	139	165	189	904
6	140	151	190	905
7	141	152	191	906
8	142	153	192	907
9	143	154	193	908
10	144	155	194	909
11	145	156	195	910
12	146	157	181	911
13	147	158	182	912
14	148	159	183	913
15	149	160	184	914
1	150	161	185	915
26	54	109	293	916
27	55	110	294	917
28	56	111	295	918
29	57	112	296	919
30	58	113	297	920
16	59	114	298	921
17	60	115	299	922
18	46	116	300	923
19	47	117	286	924
20	48	118	287	925
21	49	119	288	926
22	50	120	289	927
23	51	106	290	928
24	52	107	291	929
25	53	108	292	930
5	134	256	931
6	135	257	932
7	121	258	933
8	122	259	934
9	123	260	935
10	124	261	936
11	125	262	937
12	126	263	938
13	127	264	939
14	128	265	940
15	129	266	941
1	130	267	942
2	131	268	943
3	132	269	944
4	133	270	945
24	55	141	280	946
25	56	142	281	947
26	57	143	282	948
27	58	144	283	949
28	59	145	284	950
29	60	146	285	951
30	46	147	271	952
16	47	148	272	953
17	48	149	273	954
18	49	150	274	955
19	50	136	275	956
20	51	137	276	957
21	52	138	277	958
22	53	139	278	959
23	54	140	279	960
13	66	372	961
14	67	373	962
15	68	374	963
1	69	375	964
2	70	361	965
3	71	362	966
4	72	363	967
5	73	364	968
6	74	365	969
7	75	366	970
8	61	367	971
9	62	368	972
10	63	369	973
11	64	370	974
12	65	371	975
23	248	275	381	976
24	249	276	382	977
25	250	277	383	978
26	251	278	384	979
27	252	279	385	980
28	253	280	386	981
29	254	281	387	982
30	255	282	388	983
16	241	283	389	984
17	242	284	390	985
18	243	285	376	986
19	244	271	377	987
20	245	272	378	988
21	246	273	379	989
22	247	274	380	990
12	107	143	344	991
13	108	144	345	992
14	109	145	331	993
15	110	146	332	994
1	111	147	333	995
2	112	148	334	996
3	113	149	335	997
4	114	150	336	998
5	115	136	337	999
6	116	137	338	1000
7	117	138	339	1001
8	118	139	340	1002
9	119	140	341	1003
10	120	141	342	1004
11	106	142	343	1005
28	100	154	1006
29	101	155	1007
30	102	156	1008
16	103	157	1009
17	104	158	1010
18	105	159	1011
19	91	160	1012
20	92	161	1013
21	93	162	1014
22	94	163	1015
23	95	164	1016
24	96	165	1017
25	97	151	1018
26	98	152	1019
27	99	153	1020

