1088 736
30 19
30 30 30 30 30 30 30 30 30 30 30 30 30 30 30 30 28 28 28 28 28 28 28 28 28 28 28 28 28 28 28 28 7 7 7 7 7 7 7 7 7 7 7 7 7 7 7 7 11 11 11 11 11 11 11 11 11 11 11 11 11 11 11 11 9 9 9 9 9 9 9 9 9 9 9 9 9 9 9 9 4 4 4 4 4 4 4 4 4 4 4 4 4 4 4 4 8 8 8 8 8 8 8 8 8 8 8 8 8 8 8 8 12 12 12 12 12 12 12 12 12 12 12 12 12 12 12 12 8 8 8 8 8 8 8 8 8 8 8 8 8 8 8 8 7 7 7 7 7 7 7 7 7 7 7 7 7 7 7 7 12 12 12 12 12 12 12 12 12 12 12 12 12 12 12 12 10 10 10 10 10 10 10 10 10 10 10 10 10 10 10 10 12 12 12 12 12 12 12 12 12 12 12 12 12 12 12 12 11 11 11 11 11 11 11 11 11 11 11 11 11 11 11 11 10 10 10 10 10 10 10 10 10 10 10 10 10 10 10 10 7 7 7 7 7 7 7 7 7 7 7 7 7 7 7 7 10 10 10 10 10 10 10 10 10 10 10 10 10 10 10 10 10 10 10 10 10 10 10 10 10 10 10 10 10 10 10 10 13 13 13 13 13 13 13 13 13 13 13 13 13 13 13 13 7 7 7 7 7 7 7 7 7 7 7 7 7 7 7 7 8 8 8 8 8 8 8 8 8 8 8 8 8 8 8 8 11 11 11 11 11 11 11 11 11 11 11 11 11 11 11 11 12 12 12 12 12 12 12 12 12 12 12 12 12 12 12 12 5 5 5 5 5 5 5 5 5 5 5 5 5 5 5 5 6 6 6 6 6 6 6 6 6 6 6 6 6 6 6 6 6 6 6 6 6 6 6 6 6 6 6 6 6 6 6 6 1 1 1 1 1 1 1 1 1 1 1 1 1 1 1 1 1 1 1 1 1 1 1 1 1 1 1 1 1 1 1 1 1 1 1 1 1 1 1 1 1 1 1 1 1 1 1 1 1 1 1 1 1 1 1 1 1 1 1 1 1 1 1 1 1 1 1 1 1 1 1 1 1 1 1 1 1 1 1 1 1 1 1 1 1 1 1 1 1 1 1 1 1 1 1 1 1 1 1 1 1 1 1 1 1 1 1 1 1 1 1 1 1 1 1 1 1 1 1 1 1 1 1 1 1 1 1 1 1 1 1 1 1 1 1 1 1 1 1 1 1 1 1 1 1 1 1 1 1 1 1 1 1 1 1 1 1 1 1 1 1 1 1 1 1 1 1 1 1 1 1 1 1 1 1 1 1 1 1 1 1 1 1 1 1 1 1 1 1 1 1 1 1 1 1 1 1 1 1 1 1 1 1 1 1 1 1 1 1 1 1 1 1 1 1 1 1 1 1 1 1 1 1 1 1 1 1 1 1 1 1 1 1 1 1 1 1 1 1 1 1 1 1 1 1 1 1 1 1 1 1 1 1 1 1 1 1 1 1 1 1 1 1 1 1 1 1 1 1 1 1 1 1 1 1 1 1 1 1 1 1 1 1 1 1 1 1 1 1 1 1 1 1 1 1 1 1 1 1 1 1 1 1 1 1 1 1 1 1 1 1 1 1 1 1 1 1 1 1 1 1 1 1 1 1 1 1 1 1 1 1 1 1 1 1 1 1 1 1 1 1 1 1 1 1 1 1 1 1 1 1 1 1 1 1 1 1 1 1 1 1 1 1 1 1 1 1 1 1 1 1 1 1 1 1 1 1 1 1 1 1 1 1 1 1 1 1 1 1 1 1 1 1 1 1 1 1 1 1 1 1 1 1 1 1 1 1 1 1 1 1 1 1 1 1 1 1 1 1 1 1 1 1 1 1 1 1 1 1 1 1 1 1 1 1 1 1 1 1 1 1 1 1 1 1 1 1 1 1 1 1 1 1 1 1 1 1 1 1 1 1 1 1 1 1 1 1 1 1 1 1 1 1 1 1 1 1 1 1 1 1 1 1 1 1 1 1 1 1 1 1 1 1 1 1 1 1 1 1 1 1 1 1 1 1 1 1 1 1 1 1 1 1 1 1 1 1 1 1 1 1 1 1 1 1 1 1 1 1 1 1 1 1 1 1 1 1 1 1 1 1 1 1 1 1 1 1 1 1 1 1 1 1 1 1 1 1 1 1 1 1 1 1 1 1 1 1 1 1 1 1 1 1 1 1 1 1 1 1 1 1 1 1 1 1 1 1 1 1 1 1 1 1 1 1 1 1 1 1 1 1 1 1 1 1 1 1 1 1 1 1 1 1 1 1 1 1 1 1 1 1 1 1 1 1 1 1 1 1 1 1 1 1 1 1 1 1 1 1 1 1 1 1 1 1 1 1 1 1 1 1 1 1 1 1 1 1 1 1 1 1 1 1 1 1 1 1 1 1 1 1 1 
19 19 19 19 19 19 19 19 19 19 19 19 19 19 19 19 19 19 19 19 19 19 19 19 19 19 19 19 19 19 19 19 19 19 19 19 19 19 19 19 19 19 19 19 19 19 19 19 19 19 19 19 19 19 19 19 19 19 19 19 19 19 19 19 3 3 3 3 3 3 3 3 3 3 3 3 3 3 3 3 8 8 8 8 8 8 8 8 8 8 8 8 8 8 8 8 9 9 9 9 9 9 9 9 9 9 9 9 9 9 9 9 7 7 7 7 7 7 7 7 7 7 7 7 7 7 7 7 10 10 10 10 10 10 10 10 10 10 10 10 10 10 10 10 9 9 9 9 9 9 9 9 9 9 9 9 9 9 9 9 7 7 7 7 7 7 7 7 7 7 7 7 7 7 7 7 8 8 8 8 8 8 8 8 8 8 8 8 8 8 8 8 7 7 7 7 7 7 7 7 7 7 7 7 7 7 7 7 6 6 6 6 6 6 6 6 6 6 6 6 6 6 6 6 7 7 7 7 7 7 7 7 7 7 7 7 7 7 7 7 7 7 7 7 7 7 7 7 7 7 7 7 7 7 7 7 6 6 6 6 6 6 6 6 6 6 6 6 6 6 6 6 6 6 6 6 6 6 6 6 6 6 6 6 6 6 6 6 6 6 6 6 6 6 6 6 6 6 6 6 6 6 6 6 6 6 6 6 6 6 6 6 6 6 6 6 6 6 6 6 6 6 6 6 6 6 6 6 6 6 6 6 6 6 6 6 6 6 6 6 6 6 6 6 6 6 6 6 6 6 6 6 5 5 5 5 5 5 5 5 5 5 5 5 5 5 5 5 5 5 5 5 5 5 5 5 5 5 5 5 5 5 5 5 6 6 6 6 6 6 6 6 6 6 6 6 6 6 6 6 5 5 5 5 5 5 5 5 5 5 5 5 5 5 5 5 5 5 5 5 5 5 5 5 5 5 5 5 5 5 5 5 4 4 4 4 4 4 4 4 4 4 4 4 4 4 4 4 5 5 5 5 5 5 5 5 5 5 5 5 5 5 5 5 5 5 5 5 5 5 5 5 5 5 5 5 5 5 5 5 5 5 5 5 5 5 5 5 5 5 5 5 5 5 5 5 5 5 5 5 5 5 5 5 5 5 5 5 5 5 5 5 5 5 5 5 5 5 5 5 5 5 5 5 5 5 5 5 5 5 5 5 5 5 5 5 5 5 5 5 5 5 5 5 5 5 5 5 5 5 5 5 5 5 5 5 5 5 5 5 5 5 5 5 5 5 5 5 5 5 5 5 5 5 5 5 5 5 5 5 5 5 5 5 5 5 5 5 5 5 5 5 4 4 4 4 4 4 4 4 4 4 4 4 4 4 4 4 5 5 5 5 5 5 5 5 5 5 5 5 5 5 5 5 5 5 5 5 5 5 5 5 5 5 5 5 5 5 5 5 4 4 4 4 4 4 4 4 4 4 4 4 4 4 4 4 5 5 5 5 5 5 5 5 5 5 5 5 5 5 5 5 4 4 4 4 4 4 4 4 4 4 4 4 4 4 4 4 5 5 5 5 5 5 5 5 5 5 5 5 5 5 5 5 5 5 5 5 5 5 5 5 5 5 5 5 5 5 5 5 4 4 4 4 4 4 4 4 4 4 4 4 4 4 4 4 
7	31	39	56	68	84	106	117	129	154	180	193	224	227	249	282	309	330	353	385	430	449	489	516	546	588	618	644	684	710
8	32	40	57	69	85	107	118	130	155	181	194	209	228	250	283	310	331	354	386	431	450	490	517	547	589	619	645	685	711
9	17	41	58	70	86	108	119	131	156	182	195	210	229	251	284	311	332	355	387	432	451	491	518	548	590	620	646	686	712
10	18	42	59	71	87	109	120	132	157	183	196	211	230	252	285	312	333	356	388	417	452	492	519	549	591	621	647	687	713
11	19	43	60	72	88	110	121	133	158	184	197	212	231	253	286	313	334	357	389	418	453	493	520	550	592	622	648	688	714
12	20	44	61	73	89	111	122	134	159	185	198	213	232	254	287	314	335	358	390	419	454	494	521	551	577	623	649	673	715
13	21	45	62	74	90	112	123	135	160	186	199	214	233	255	288	315	336	359	391	420	455	495	522	552	578	624	650	674	716
14	22	46	63	75	91	97	124	136	145	187	200	215	234	256	273	316	321	360	392	421	456	496	523	553	579	609	651	675	717
15	23	47	64	76	92	98	125	137	146	188	201	216	235	241	274	317	322	361	393	422	457	481	524	554	580	610	652	676	718
16	24	48	49	77	93	99	126	138	147	189	202	217	236	242	275	318	323	362	394	423	458	482	525	555	581	611	653	677	719
1	25	33	50	78	94	100	127	139	148	190	203	218	237	243	276	319	324	363	395	424	459	483	526	556	582	612	654	678	720
2	26	34	51	79	95	101	128	140	149	191	204	219	238	244	277	320	325	364	396	425	460	484	527	557	583	613	655	679	705
3	27	35	52	80	96	102	113	141	150	192	205	220	239	245	278	305	326	365	397	426	461	485	528	558	584	614	656	680	706
4	28	36	53	65	81	103	114	142	151	177	206	221	240	246	279	306	327	366	398	427	462	486	513	559	585	615	641	681	707
5	29	37	54	66	82	104	115	143	152	178	207	222	225	247	280	307	328	367	399	428	463	487	514	560	586	616	642	682	708
6	30	38	55	67	83	105	116	144	153	179	208	223	226	248	281	308	329	368	400	429	464	488	515	545	587	617	643	683	709
12	34	56	75	85	117	141	155	175	184	199	241	257	295	312	344	373	410	440	475	498	543	576	603	628	666	698	732
13	35	57	76	86	118	142	156	176	185	200	242	258	296	313	345	374	411	441	476	499	544	561	604	629	667	699	733
14	36	58	77	87	119	143	157	161	186	201	243	259	297	314	346	375	412	442	477	500	529	562	605	630	668	700	734
15	37	59	78	88	120	144	158	162	187	202	244	260	298	315	347	376	413	443	478	501	530	563	606	631	669	701	735
16	38	60	79	89	121	129	159	163	188	203	245	261	299	316	348	377	414	444	479	502	531	564	607	632	670	702	736
1	39	61	80	90	122	130	160	164	189	204	246	262	300	317	349	378	415	445	480	503	532	565	608	633	671	703	721
2	40	62	65	91	123	131	145	165	190	205	247	263	301	318	350	379	416	446	465	504	533	566	593	634	672	704	722
3	41	63	66	92	124	132	146	166	191	206	248	264	302	319	351	380	401	447	466	505	534	567	594	635	657	689	723
4	42	64	67	93	125	133	147	167	192	207	249	265	303	320	352	381	402	448	467	506	535	568	595	636	658	690	724
5	43	49	68	94	126	134	148	168	177	208	250	266	304	305	337	382	403	433	468	507	536	569	596	637	659	691	725
6	44	50	69	95	127	135	149	169	178	193	251	267	289	306	338	383	404	434	469	508	537	570	597	638	660	692	726
7	45	51	70	96	128	136	150	170	179	194	252	268	290	307	339	384	405	435	470	509	538	571	598	639	661	693	727
8	46	52	71	81	113	137	151	171	180	195	253	269	291	308	340	369	406	436	471	510	539	572	599	640	662	694	728
9	47	53	72	82	114	138	152	172	181	196	254	270	292	309	341	370	407	437	472	511	540	573	600	625	663	695	729
10	48	54	73	83	115	139	153	173	182	197	255	271	293	310	342	371	408	438	473	512	541	574	601	626	664	696	730
11	33	55	74	84	116	140	154	174	183	198	256	272	294	311	343	372	409	439	474	497	542	575	602	627	665	697	731
15	18	40	172	382	430	534
16	19	41	173	383	431	535
1	20	42	174	384	432	536
2	21	43	175	369	417	537
3	22	44	176	370	418	538
4	23	45	161	371	419	539
5	24	46	162	372	420	540
6	25	47	163	373	421	541
7	26	48	164	374	422	542
8	27	33	165	375	423	543
9	28	34	166	376	424	544
10	29	35	167	377	425	529
11	30	36	168	378	426	530
12	31	37	169	379	427	531
13	32	38	170	380	428	532
14	17	39	171	381	429	533
2	28	61	95	138	217	272	327	395	630	660
3	29	62	96	139	218	257	328	396	631	661
4	30	63	81	140	219	258	329	397	632	662
5	31	64	82	141	220	259	330	398	633	663
6	32	49	83	142	221	260	331	399	634	664
7	17	50	84	143	222	261	332	400	635	665
8	18	51	85	144	223	262	333	385	636	666
9	19	52	86	129	224	263	334	386	637	667
10	20	53	87	130	209	264	335	387	638	668
11	21	54	88	131	210	265	336	388	639	669
12	22	55	89	132	211	266	321	389	640	670
13	23	56	90	133	212	267	322	390	625	671
14	24	57	91	134	213	268	323	391	626	672
15	25	58	92	135	214	269	324	392	627	657
16	26	59	93	136	215	270	325	393	628	658
1	27	60	94	137	216	271	326	394	629	659
21	34	61	114	170	389	426	460	676
22	35	62	115	171	390	427	461	677
23	36	63	116	172	391	428	462	678
24	37	64	117	173	392	429	463	679
25	38	49	118	174	393	430	464	680
26	39	50	119	175	394	431	449	681
27	40	51	120	176	395	432	450	682
28	41	52	121	161	396	417	451	683
29	42	53	122	162	397	418	452	684
30	43	54	123	163	398	419	453	685
31	44	55	124	164	399	420	454	686
32	45	56	125	165	400	421	455	687
17	46	57	126	166	385	422	456	688
18	47	58	127	167	386	423	457	673
19	48	59	128	168	387	424	458	674
20	33	60	113	169	388	425	459	675
13	26	44	344
14	27	45	345
15	28	46	346
16	29	47	347
1	30	48	348
2	31	33	349
3	32	34	350
4	17	35	351
5	18	36	352
6	19	37	337
7	20	38	338
8	21	39	339
9	22	40	340
10	23	41	341
11	24	42	342
12	25	43	343
7	36	59	107	409	441	572	730
8	37	60	108	410	442	573	731
9	38	61	109	411	443	574	732
10	39	62	110	412	444	575	733
11	40	63	111	413	445	576	734
12	41	64	112	414	446	561	735
13	42	49	97	415	447	562	736
14	43	50	98	416	448	563	721
15	44	51	99	401	433	564	722
16	45	52	100	402	434	565	723
1	46	53	101	403	435	566	724
2	47	54	102	404	436	567	725
3	48	55	103	405	437	568	726
4	33	56	104	406	438	569	727
5	34	57	105	407	439	570	728
6	35	58	106	408	440	571	729
19	44	62	114	161	218	313	413	512	554	636	708
20	45	63	115	162	219	314	414	497	555	637	709
21	46	64	116	163	220	315	415	498	556	638	710
22	47	49	117	164	221	316	416	499	557	639	711
23	48	50	118	165	222	317	401	500	558	640	712
24	33	51	119	166	223	318	402	501	559	625	713
25	34	52	120	167	224	319	403	502	560	626	714
26	35	53	121	168	209	320	404	503	545	627	715
27	36	54	122	169	210	305	405	504	546	628	716
28	37	55	123	170	211	306	406	505	547	629	717
29	38	56	124	171	212	307	407	506	548	630	718
30	39	57	125	172	213	308	408	507	549	631	719
31	40	58	126	173	214	309	409	508	550	632	720
32	41	59	127	174	215	310	410	509	551	633	705
17	42	60	128	175	216	311	411	510	552	634	706
18	43	61	113	176	217	312	412	511	553	635	707
25	48	62	122	176	306	447	648
26	33	63	123	161	307	448	649
27	34	64	124	162	308	433	650
28	35	49	125	163	309	434	651
29	36	50	126	164	310	435	652
30	37	51	127	165	311	436	653
31	38	52	128	166	312	437	654
32	39	53	113	167	313	438	655
17	40	54	114	168	314	439	656
18	41	55	115	169	315	440	641
19	42	56	116	170	316	441	642
20	43	57	117	171	317	442	643
21	44	58	118	172	318	443	644
22	45	59	119	173	319	444	645
23	46	60	120	174	320	445	646
24	47	61	121	175	305	446	647
6	20	34	328	618	662	718
7	21	35	329	619	663	719
8	22	36	330	620	664	720
9	23	37	331	621	665	705
10	24	38	332	622	666	706
11	25	39	333	623	667	707
12	26	40	334	624	668	708
13	27	41	335	609	669	709
14	28	42	336	610	670	710
15	29	43	321	611	671	711
16	30	44	322	612	672	712
1	31	45	323	613	657	713
2	32	46	324	614	658	714
3	17	47	325	615	659	715
4	18	48	326	616	660	716
5	19	33	327	617	661	717
12	42	57	101	148	204	256	305	375	488	612	730
13	43	58	102	149	205	241	306	376	489	613	731
14	44	59	103	150	206	242	307	377	490	614	732
15	45	60	104	151	207	243	308	378	491	615	733
16	46	61	105	152	208	244	309	379	492	616	734
1	47	62	106	153	193	245	310	380	493	617	735
2	48	63	107	154	194	246	311	381	494	618	736
3	33	64	108	155	195	247	312	382	495	619	721
4	34	49	109	156	196	248	313	383	496	620	722
5	35	50	110	157	197	249	314	384	481	621	723
6	36	51	111	158	198	250	315	369	482	622	724
7	37	52	112	159	199	251	316	370	483	623	725
8	38	53	97	160	200	252	317	371	484	624	726
9	39	54	98	145	201	253	318	372	485	609	727
10	40	55	99	146	202	254	319	373	486	610	728
11	41	56	100	147	203	255	320	374	487	611	729
3	21	59	110	156	193	272	322	397	536
4	22	60	111	157	194	257	323	398	537
5	23	61	112	158	195	258	324	399	538
6	24	62	97	159	196	259	325	400	539
7	25	63	98	160	197	260	326	385	540
8	26	64	99	145	198	261	327	386	541
9	27	49	100	146	199	262	328	387	542
10	28	50	101	147	200	263	329	388	543
11	29	51	102	148	201	264	330	389	544
12	30	52	103	149	202	265	331	390	529
13	31	53	104	150	203	266	332	391	530
14	32	54	105	151	204	267	333	392	531
15	17	55	106	152	205	268	334	393	532
16	18	56	107	153	206	269	335	394	533
1	19	57	108	154	207	270	336	395	534
2	20	58	109	155	208	271	321	396	535
2	27	59	90	142	190	234	296	355	513	562	622
3	28	60	91	143	191	235	297	356	514	563	623
4	29	61	92	144	192	236	298	357	515	564	624
5	30	62	93	129	177	237	299	358	516	565	609
6	31	63	94	130	178	238	300	359	517	566	610
7	32	64	95	131	179	239	301	360	518	567	611
8	17	49	96	132	180	240	302	361	519	568	612
9	18	50	81	133	181	225	303	362	520	569	613
10	19	51	82	134	182	226	304	363	521	570	614
11	20	52	83	135	183	227	289	364	522	571	615
12	21	53	84	136	184	228	290	365	523	572	616
13	22	54	85	137	185	229	291	366	524	573	617
14	23	55	86	138	186	230	292	367	525	574	618
15	24	56	87	139	187	231	293	368	526	575	619
16	25	57	88	140	188	232	294	353	527	576	620
1	26	58	89	141	189	233	295	354	528	561	621
8	35	54	109	147	199	242	297	357	489	597
9	36	55	110	148	200	243	298	358	490	598
10	37	56	111	149	201	244	299	359	491	599
11	38	57	112	150	202	245	300	360	492	600
12	39	58	97	151	203	246	301	361	493	601
13	40	59	98	152	204	247	302	362	494	602
14	41	60	99	153	205	248	303	363	495	603
15	42	61	100	154	206	249	304	364	496	604
16	43	62	101	155	207	250	289	365	481	605
1	44	63	102	156	208	251	290	366	482	606
2	45	64	103	157	193	252	291	367	483	607
3	46	49	104	158	194	253	292	368	484	608
4	47	50	105	159	195	254	293	353	485	593
5	48	51	106	160	196	255	294	354	486	594
6	33	52	107	145	197	256	295	355	487	595
7	34	53	108	146	198	241	296	356	488	596
20	48	62	121	167	285	411	469	522	584
21	33	63	122	168	286	412	470	523	585
22	34	64	123	169	287	413	471	524	586
23	35	49	124	170	288	414	472	525	587
24	36	50	125	171	273	415	473	526	588
25	37	51	126	172	274	416	474	527	589
26	38	52	127	173	275	401	475	528	590
27	39	53	128	174	276	402	476	513	591
28	40	54	113	175	277	403	477	514	592
29	41	55	114	176	278	404	478	515	577
30	42	56	115	161	279	405	479	516	578
31	43	57	116	162	280	406	480	517	579
32	44	58	117	163	281	407	465	518	580
17	45	59	118	164	282	408	466	519	581
18	46	60	119	165	283	409	467	520	582
19	47	61	120	166	284	410	468	521	583
14	29	48	227	420	557	590
15	30	33	228	421	558	591
16	31	34	229	422	559	592
1	32	35	230	423	560	577
2	17	36	231	424	545	578
3	18	37	232	425	546	579
4	19	38	233	426	547	580
5	20	39	234	427	548	581
6	21	40	235	428	549	582
7	22	41	236	429	550	583
8	23	42	237	430	551	584
9	24	43	238	431	552	585
10	25	44	239	432	553	586
11	26	45	240	417	554	587
12	27	46	225	418	555	588
13	28	47	226	419	556	589
10	19	49	85	139	187	226	278	340	702
11	20	50	86	140	188	227	279	341	703
12	21	51	87	141	189	228	280	342	704
13	22	52	88	142	190	229	281	343	689
14	23	53	89	143	191	230	282	344	690
15	24	54	90	144	192	231	283	345	691
16	25	55	91	129	177	232	284	346	692
1	26	56	92	130	178	233	285	347	693
2	27	57	93	131	179	234	286	348	694
3	28	58	94	132	180	235	287	349	695
4	29	59	95	133	181	236	288	350	696
5	30	60	96	134	182	237	273	351	697
6	31	61	81	135	183	238	274	352	698
7	32	62	82	136	184	239	275	337	699
8	17	63	83	137	185	240	276	338	700
9	18	64	84	138	186	225	277	339	701
22	44	53	102	147	225	288	355	546	652
23	45	54	103	148	226	273	356	547	653
24	46	55	104	149	227	274	357	548	654
25	47	56	105	150	228	275	358	549	655
26	48	57	106	151	229	276	359	550	656
27	33	58	107	152	230	277	360	551	641
28	34	59	108	153	231	278	361	552	642
29	35	60	109	154	232	279	362	553	643
30	36	61	110	155	233	280	363	554	644
31	37	62	111	156	234	281	364	555	645
32	38	63	112	157	235	282	365	556	646
17	39	64	97	158	236	283	366	557	647
18	40	49	98	159	237	284	367	558	648
19	41	50	99	160	238	285	368	559	649
20	42	51	100	145	239	286	353	560	650
21	43	52	101	146	240	287	354	545	651
3	36	61	100	148	202	246	294	377	477	585	666	692
4	37	62	101	149	203	247	295	378	478	586	667	693
5	38	63	102	150	204	248	296	379	479	587	668	694
6	39	64	103	151	205	249	297	380	480	588	669	695
7	40	49	104	152	206	250	298	381	465	589	670	696
8	41	50	105	153	207	251	299	382	466	590	671	697
9	42	51	106	154	208	252	300	383	467	591	672	698
10	43	52	107	155	193	253	301	384	468	592	657	699
11	44	53	108	156	194	254	302	369	469	577	658	700
12	45	54	109	157	195	255	303	370	470	578	659	701
13	46	55	110	158	196	256	304	371	471	579	660	702
14	47	56	111	159	197	241	289	372	472	580	661	703
15	48	57	112	160	198	242	290	373	473	581	662	704
16	33	58	97	145	199	243	291	374	474	582	663	689
1	34	59	98	146	200	244	292	375	475	583	664	690
2	35	60	99	147	201	245	293	376	476	584	665	691
14	18	38	141	302	460	625
15	19	39	142	303	461	626
16	20	40	143	304	462	627
1	21	41	144	289	463	628
2	22	42	129	290	464	629
3	23	43	130	291	449	630
4	24	44	131	292	450	631
5	25	45	132	293	451	632
6	26	46	133	294	452	633
7	27	47	134	295	453	634
8	28	48	135	296	454	635
9	29	33	136	297	455	636
10	30	34	137	298	456	637
11	31	35	138	299	457	638
12	32	36	139	300	458	639
13	17	37	140	301	459	640
2	44	49	110	153	216	270	350
3	45	50	111	154	217	271	351
4	46	51	112	155	218	272	352
5	47	52	97	156	219	257	337
6	48	53	98	157	220	258	338
7	33	54	99	158	221	259	339
8	34	55	100	159	222	260	340
9	35	56	101	160	223	261	341
10	36	57	102	145	224	262	342
11	37	58	103	146	209	263	343
12	38	59	104	147	210	264	344
13	39	60	105	148	211	265	345
14	40	61	106	149	212	266	346
15	41	62	107	150	213	267	347
16	42	63	108	151	214	268	348
1	43	64	109	152	215	269	349
2	21	53	86	132	179	236	273	342	450	542
3	22	54	87	133	180	237	274	343	451	543
4	23	55	88	134	181	238	275	344	452	544
5	24	56	89	135	182	239	276	345	453	529
6	25	57	90	136	183	240	277	346	454	530
7	26	58	91	137	184	225	278	347	455	531
8	27	59	92	138	185	226	279	348	456	532
9	28	60	93	139	186	227	280	349	457	533
10	29	61	94	140	187	228	281	350	458	534
11	30	62	95	141	188	229	282	351	459	535
12	31	63	96	142	189	230	283	352	460	536
13	32	64	81	143	190	231	284	337	461	537
14	17	49	82	144	191	232	285	338	462	538
15	18	50	83	129	192	233	286	339	463	539
16	19	51	84	130	177	234	287	340	464	540
1	20	52	85	131	178	235	288	341	449	541
16	17	64	94	144	181	263	321	387	501	570	708
1	18	49	95	129	182	264	322	388	502	571	709
2	19	50	96	130	183	265	323	389	503	572	710
3	20	51	81	131	184	266	324	390	504	573	711
4	21	52	82	132	185	267	325	391	505	574	712
5	22	53	83	133	186	268	326	392	506	575	713
6	23	54	84	134	187	269	327	393	507	576	714
7	24	55	85	135	188	270	328	394	508	561	715
8	25	56	86	136	189	271	329	395	509	562	716
9	26	57	87	137	190	272	330	396	510	563	717
10	27	58	88	138	191	257	331	397	511	564	718
11	28	59	89	139	192	258	332	398	512	565	719
12	29	60	90	140	177	259	333	399	497	566	720
13	30	61	91	141	178	260	334	400	498	567	705
14	31	62	92	142	179	261	335	385	499	568	706
15	32	63	93	143	180	262	336	386	500	569	707
1	17	187	211	599
2	18	188	212	600
3	19	189	213	601
4	20	190	214	602
5	21	191	215	603
6	22	192	216	604
7	23	177	217	605
8	24	178	218	606
9	25	179	219	607
10	26	180	220	608
11	27	181	221	593
12	28	182	222	594
13	29	183	223	595
14	30	184	224	596
15	31	185	209	597
16	32	186	210	598
17	33	135	488	520	680
18	34	136	489	521	681
19	35	137	490	522	682
20	36	138	491	523	683
21	37	139	492	524	684
22	38	140	493	525	685
23	39	141	494	526	686
24	40	142	495	527	687
25	41	143	496	528	688
26	42	144	481	513	673
27	43	129	482	514	674
28	44	130	483	515	675
29	45	131	484	516	676
30	46	132	485	517	677
31	47	133	486	518	678
32	48	134	487	519	679
33	49	254	475	500	694
34	50	255	476	501	695
35	51	256	477	502	696
36	52	241	478	503	697
37	53	242	479	504	698
38	54	243	480	505	699
39	55	244	465	506	700
40	56	245	466	507	701
41	57	246	467	508	702
42	58	247	468	509	703
43	59	248	469	510	704
44	60	249	470	511	689
45	61	250	471	512	690
46	62	251	472	497	691
47	63	252	473	498	692
48	64	253	474	499	693
65
66
67
68
69
70
71
72
73
74
75
76
77
78
79
80
81
82
83
84
85
86
87
88
89
90
91
92
93
94
95
96
97
98
99
100
101
102
103
104
105
106
107
108
109
110
111
112
113
114
115
116
117
118
119
120
121
122
123
124
125
126
127
128
129
130
131
132
133
134
135
136
137
138
139
140
141
142
143
144
145
146
147
148
149
150
151
152
153
154
155
156
157
158
159
160
161
162
163
164
165
166
167
168
169
170
171
172
173
174
175
176
177
178
179
180
181
182
183
184
185
186
187
188
189
190
191
192
193
194
195
196
197
198
199
200
201
202
203
204
205
206
207
208
209
210
211
212
213
214
215
216
217
218
219
220
221
222
223
224
225
226
227
228
229
230
231
232
233
234
235
236
237
238
239
240
241
242
243
244
245
246
247
248
249
250
251
252
253
254
255
256
257
258
259
260
261
262
263
264
265
266
267
268
269
270
271
272
273
274
275
276
277
278
279
280
281
282
283
284
285
286
287
288
289
290
291
292
293
294
295
296
297
298
299
300
301
302
303
304
305
306
307
308
309
310
311
312
313
314
315
316
317
318
319
320
321
322
323
324
325
326
327
328
329
330
331
332
333
334
335
336
337
338
339
340
341
342
343
344
345
346
347
348
349
350
351
352
353
354
355
356
357
358
359
360
361
362
363
364
365
366
367
368
369
370
371
372
373
374
375
376
377
378
379
380
381
382
383
384
385
386
387
388
389
390
391
392
393
394
395
396
397
398
399
400
401
402
403
404
405
406
407
408
409
410
411
412
413
414
415
416
417
418
419
420
421
422
423
424
425
426
427
428
429
430
431
432
433
434
435
436
437
438
439
440
441
442
443
444
445
446
447
448
449
450
451
452
453
454
455
456
457
458
459
460
461
462
463
464
465
466
467
468
469
470
471
472
473
474
475
476
477
478
479
480
481
482
483
484
485
486
487
488
489
490
491
492
493
494
495
496
497
498
499
500
501
502
503
504
505
506
507
508
509
510
511
512
513
514
515
516
517
518
519
520
521
522
523
524
525
526
527
528
529
530
531
532
533
534
535
536
537
538
539
540
541
542
543
544
545
546
547
548
549
550
551
552
553
554
555
556
557
558
559
560
561
562
563
564
565
566
567
568
569
570
571
572
573
574
575
576
577
578
579
580
581
582
583
584
585
586
587
588
589
590
591
592
593
594
595
596
597
598
599
600
601
602
603
604
605
606
607
608
609
610
611
612
613
614
615
616
617
618
619
620
621
622
623
624
625
626
627
628
629
630
631
632
633
634
635
636
637
638
639
640
641
642
643
644
645
646
647
648
649
650
651
652
653
654
655
656
657
658
659
660
661
662
663
664
665
666
667
668
669
670
671
672
673
674
675
676
677
678
679
680
681
682
683
684
685
686
687
688
689
690
691
692
693
694
695
696
697
698
699
700
701
702
703
704
705
706
707
708
709
710
711
712
713
714
715
716
717
718
719
720
721
722
723
724
725
726
727
728
729
730
731
732
733
734
735
736
11	22	35	64	85	107	156	166	191	208	218	244	264	303	308	336	352	354	369
12	23	36	49	86	108	157	167	192	193	219	245	265	304	309	321	337	355	370
13	24	37	50	87	109	158	168	177	194	220	246	266	289	310	322	338	356	371
14	25	38	51	88	110	159	169	178	195	221	247	267	290	311	323	339	357	372
15	26	39	52	89	111	160	170	179	196	222	248	268	291	312	324	340	358	373
16	27	40	53	90	112	145	171	180	197	223	249	269	292	313	325	341	359	374
1	28	41	54	91	97	146	172	181	198	224	250	270	293	314	326	342	360	375
2	29	42	55	92	98	147	173	182	199	209	251	271	294	315	327	343	361	376
3	30	43	56	93	99	148	174	183	200	210	252	272	295	316	328	344	362	377
4	31	44	57	94	100	149	175	184	201	211	253	257	296	317	329	345	363	378
5	32	45	58	95	101	150	176	185	202	212	254	258	297	318	330	346	364	379
6	17	46	59	96	102	151	161	186	203	213	255	259	298	319	331	347	365	380
7	18	47	60	81	103	152	162	187	204	214	256	260	299	320	332	348	366	381
8	19	48	61	82	104	153	163	188	205	215	241	261	300	305	333	349	367	382
9	20	33	62	83	105	154	164	189	206	216	242	262	301	306	334	350	368	383
10	21	34	63	84	106	155	165	190	207	217	243	263	302	307	335	351	353	384
3	48	54	77	88	127	137	158	189	199	238	245	271	284	320	349	353	369	385
4	33	55	78	89	128	138	159	190	200	239	246	272	285	305	350	354	370	386
5	34	56	79	90	113	139	160	191	201	240	247	257	286	306	351	355	371	387
6	35	57	80	91	114	140	145	192	202	225	248	258	287	307	352	356	372	388
7	36	58	65	92	115	141	146	177	203	226	249	259	288	308	337	357	373	389
8	37	59	66	93	116	142	147	178	204	227	250	260	273	309	338	358	374	390
9	38	60	67	94	117	143	148	179	205	228	251	261	274	310	339	359	375	391
10	39	61	68	95	118	144	149	180	206	229	252	262	275	311	340	360	376	392
11	40	62	69	96	119	129	150	181	207	230	253	263	276	312	341	361	377	393
12	41	63	70	81	120	130	151	182	208	231	254	264	277	313	342	362	378	394
13	42	64	71	82	121	131	152	183	193	232	255	265	278	314	343	363	379	395
14	43	49	72	83	122	132	153	184	194	233	256	266	279	315	344	364	380	396
15	44	50	73	84	123	133	154	185	195	234	241	267	280	316	345	365	381	397
16	45	51	74	85	124	134	155	186	196	235	242	268	281	317	346	366	382	398
1	46	52	75	86	125	135	156	187	197	236	243	269	282	318	347	367	383	399
2	47	53	76	87	126	136	157	188	198	237	244	270	283	319	348	368	384	400
11	32	42	80	86	110	118	130	160	168	223	226	242	278	302	316	326	385	401
12	17	43	65	87	111	119	131	145	169	224	227	243	279	303	317	327	386	402
13	18	44	66	88	112	120	132	146	170	209	228	244	280	304	318	328	387	403
14	19	45	67	89	97	121	133	147	171	210	229	245	281	289	319	329	388	404
15	20	46	68	90	98	122	134	148	172	211	230	246	282	290	320	330	389	405
16	21	47	69	91	99	123	135	149	173	212	231	247	283	291	305	331	390	406
1	22	48	70	92	100	124	136	150	174	213	232	248	284	292	306	332	391	407
2	23	33	71	93	101	125	137	151	175	214	233	249	285	293	307	333	392	408
3	24	34	72	94	102	126	138	152	176	215	234	250	286	294	308	334	393	409
4	25	35	73	95	103	127	139	153	161	216	235	251	287	295	309	335	394	410
5	26	36	74	96	104	128	140	154	162	217	236	252	288	296	310	336	395	411
6	27	37	75	81	105	113	141	155	163	218	237	253	273	297	311	321	396	412
7	28	38	76	82	106	114	142	156	164	219	238	254	274	298	312	322	397	413
8	29	39	77	83	107	115	143	157	165	220	239	255	275	299	313	323	398	414
9	30	40	78	84	108	116	144	158	166	221	240	256	276	300	314	324	399	415
10	31	41	79	85	109	117	129	159	167	222	225	241	277	301	315	325	400	416
10	26	53	69	103	116	132	169	183	199	220	228	257	285	293	321	349	354	401
11	27	54	70	104	117	133	170	184	200	221	229	258	286	294	322	350	355	402
12	28	55	71	105	118	134	171	185	201	222	230	259	287	295	323	351	356	403
13	29	56	72	106	119	135	172	186	202	223	231	260	288	296	324	352	357	404
14	30	57	73	107	120	136	173	187	203	224	232	261	273	297	325	337	358	405
15	31	58	74	108	121	137	174	188	204	209	233	262	274	298	326	338	359	406
16	32	59	75	109	122	138	175	189	205	210	234	263	275	299	327	339	360	407
1	17	60	76	110	123	139	176	190	206	211	235	264	276	300	328	340	361	408
2	18	61	77	111	124	140	161	191	207	212	236	265	277	301	329	341	362	409
3	19	62	78	112	125	141	162	192	208	213	237	266	278	302	330	342	363	410
4	20	63	79	97	126	142	163	177	193	214	238	267	279	303	331	343	364	411
5	21	64	80	98	127	143	164	178	194	215	239	268	280	304	332	344	365	412
6	22	49	65	99	128	144	165	179	195	216	240	269	281	289	333	345	366	413
7	23	50	66	100	113	129	166	180	196	217	225	270	282	290	334	346	367	414
8	24	51	67	101	114	130	167	181	197	218	226	271	283	291	335	347	368	415
9	25	52	68	102	115	131	168	182	198	219	227	272	284	292	336	348	353	416
14	23	417
15	24	418
16	25	419
1	26	420
2	27	421
3	28	422
4	29	423
5	30	424
6	31	425
7	32	426
8	17	427
9	18	428
10	19	429
11	20	430
12	21	431
13	22	432
14	29	51	200	269	348	356	433
15	30	52	201	270	349	357	434
16	31	53	202	271	350	358	435
1	32	54	203	272	351	359	436
2	17	55	204	257	352	360	437
3	18	56	205	258	337	361	438
4	19	57	206	259	338	362	439
5	20	58	207	260	339	363	440
6	21	59	208	261	340	364	441
7	22	60	193	262	341	365	442
8	23	61	194	263	342	366	443
9	24	62	195	264	343	367	444
10	25	63	196	265	344	368	445
11	26	64	197	266	345	353	446
12	27	49	198	267	346	354	447
13	28	50	199	268	347	355	448
8	103	173	180	213	284	302	324	449
9	104	174	181	214	285	303	325	450
10	105	175	182	215	286	304	326	451
11	106	176	183	216	287	289	327	452
12	107	161	184	217	288	290	328	453
13	108	162	185	218	273	291	329	454
14	109	163	186	219	274	292	330	455
15	110	164	187	220	275	293	331	456
16	111	165	188	221	276	294	332	457
1	112	166	189	222	277	295	333	458
2	97	167	190	223	278	296	334	459
3	98	168	191	224	279	297	335	460
4	99	169	192	209	280	298	336	461
5	100	170	177	210	281	299	321	462
6	101	171	178	211	282	300	322	463
7	102	172	179	212	283	301	323	464
13	29	80	128	136	233	465
14	30	65	113	137	234	466
15	31	66	114	138	235	467
16	32	67	115	139	236	468
1	17	68	116	140	237	469
2	18	69	117	141	238	470
3	19	70	118	142	239	471
4	20	71	119	143	240	472
5	21	72	120	144	225	473
6	22	73	121	129	226	474
7	23	74	122	130	227	475
8	24	75	123	131	228	476
9	25	76	124	132	229	477
10	26	77	125	133	230	478
11	27	78	126	134	231	479
12	28	79	127	135	232	480
1	21	56	196	263	309	350	354	395	481
2	22	57	197	264	310	351	355	396	482
3	23	58	198	265	311	352	356	397	483
4	24	59	199	266	312	337	357	398	484
5	25	60	200	267	313	338	358	399	485
6	26	61	201	268	314	339	359	400	486
7	27	62	202	269	315	340	360	385	487
8	28	63	203	270	316	341	361	386	488
9	29	64	204	271	317	342	362	387	489
10	30	49	205	272	318	343	363	388	490
11	31	50	206	257	319	344	364	389	491
12	32	51	207	258	320	345	365	390	492
13	17	52	208	259	305	346	366	391	493
14	18	53	193	260	306	347	367	392	494
15	19	54	194	261	307	348	368	393	495
16	20	55	195	262	308	349	353	394	496
8	23	174	182	223	287	302	329	497
9	24	175	183	224	288	303	330	498
10	25	176	184	209	273	304	331	499
11	26	161	185	210	274	289	332	500
12	27	162	186	211	275	290	333	501
13	28	163	187	212	276	291	334	502
14	29	164	188	213	277	292	335	503
15	30	165	189	214	278	293	336	504
16	31	166	190	215	279	294	321	505
1	32	167	191	216	280	295	322	506
2	17	168	192	217	281	296	323	507
3	18	169	177	218	282	297	324	508
4	19	170	178	219	283	298	325	509
5	20	171	179	220	284	299	326	510
6	21	172	180	221	285	300	327	511
7	22	173	181	222	286	301	328	512
19	38	72	113	130	235	513
20	39	73	114	131	236	514
21	40	74	115	132	237	515
22	41	75	116	133	238	516
23	42	76	117	134	239	517
24	43	77	118	135	240	518
25	44	78	119	136	225	519
26	45	79	120	137	226	520
27	46	80	121	138	227	521
28	47	65	122	139	228	522
29	48	66	123	140	229	523
30	33	67	124	141	230	524
31	34	68	125	142	231	525
32	35	69	126	143	232	526
17	36	70	127	144	233	527
18	37	71	128	129	234	528
14	26	196	263	351	365	375	529
15	27	197	264	352	366	376	530
16	28	198	265	337	367	377	531
1	29	199	266	338	368	378	532
2	30	200	267	339	353	379	533
3	31	201	268	340	354	380	534
4	32	202	269	341	355	381	535
5	17	203	270	342	356	382	536
6	18	204	271	343	357	383	537
7	19	205	272	344	358	384	538
8	20	206	257	345	359	369	539
9	21	207	258	346	360	370	540
10	22	208	259	347	361	371	541
11	23	193	260	348	362	372	542
12	24	194	261	349	363	373	543
13	25	195	262	350	364	374	544
1	27	166	177	219	296	545
2	28	167	178	220	297	546
3	29	168	179	221	298	547
4	30	169	180	222	299	548
5	31	170	181	223	300	549
6	32	171	182	224	301	550
7	17	172	183	209	302	551
8	18	173	184	210	303	552
9	19	174	185	211	304	553
10	20	175	186	212	289	554
11	21	176	187	213	290	555
12	22	161	188	214	291	556
13	23	162	189	215	292	557
14	24	163	190	216	293	558
15	25	164	191	217	294	559
16	26	165	192	218	295	560
2	57	120	330	383	561
3	58	121	331	384	562
4	59	122	332	369	563
5	60	123	333	370	564
6	61	124	334	371	565
7	62	125	335	372	566
8	63	126	336	373	567
9	64	127	321	374	568
10	49	128	322	375	569
11	50	113	323	376	570
12	51	114	324	377	571
13	52	115	325	378	572
14	53	116	326	379	573
15	54	117	327	380	574
16	55	118	328	381	575
1	56	119	329	382	576
15	200	255	272	273	342	577
16	201	256	257	274	343	578
1	202	241	258	275	344	579
2	203	242	259	276	345	580
3	204	243	260	277	346	581
4	205	244	261	278	347	582
5	206	245	262	279	348	583
6	207	246	263	280	349	584
7	208	247	264	281	350	585
8	193	248	265	282	351	586
9	194	249	266	283	352	587
10	195	250	267	284	337	588
11	196	251	268	285	338	589
12	197	252	269	286	339	590
13	198	253	270	287	340	591
14	199	254	271	288	341	592
9	17	162	224	300	404	593
10	18	163	209	301	405	594
11	19	164	210	302	406	595
12	20	165	211	303	407	596
13	21	166	212	304	408	597
14	22	167	213	289	409	598
15	23	168	214	290	410	599
16	24	169	215	291	411	600
1	25	170	216	292	412	601
2	26	171	217	293	413	602
3	27	172	218	294	414	603
4	28	173	219	295	415	604
5	29	174	220	296	416	605
6	30	175	221	297	401	606
7	31	176	222	298	402	607
8	32	161	223	299	403	608
17	50	178	324	363	609
18	51	179	325	364	610
19	52	180	326	365	611
20	53	181	327	366	612
21	54	182	328	367	613
22	55	183	329	368	614
23	56	184	330	353	615
24	57	185	331	354	616
25	58	186	332	355	617
26	59	187	333	356	618
27	60	188	334	357	619
28	61	189	335	358	620
29	62	190	336	359	621
30	63	191	321	360	622
31	64	192	322	361	623
32	49	177	323	362	624
8	229	268	274	337	625
9	230	269	275	338	626
10	231	270	276	339	627
11	232	271	277	340	628
12	233	272	278	341	629
13	234	257	279	342	630
14	235	258	280	343	631
15	236	259	281	344	632
16	237	260	282	345	633
1	238	261	283	346	634
2	239	262	284	347	635
3	240	263	285	348	636
4	225	264	286	349	637
5	226	265	287	350	638
6	227	266	288	351	639
7	228	267	273	352	640
27	202	217	300	308	641
28	203	218	301	309	642
29	204	219	302	310	643
30	205	220	303	311	644
31	206	221	304	312	645
32	207	222	289	313	646
17	208	223	290	314	647
18	193	224	291	315	648
19	194	209	292	316	649
20	195	210	293	317	650
21	196	211	294	318	651
22	197	212	295	319	652
23	198	213	296	320	653
24	199	214	297	305	654
25	200	215	298	306	655
26	201	216	299	307	656
13	26	121	144	161	657
14	27	122	129	162	658
15	28	123	130	163	659
16	29	124	131	164	660
1	30	125	132	165	661
2	31	126	133	166	662
3	32	127	134	167	663
4	17	128	135	168	664
5	18	113	136	169	665
6	19	114	137	170	666
7	20	115	138	171	667
8	21	116	139	172	668
9	22	117	140	173	669
10	23	118	141	174	670
11	24	119	142	175	671
12	25	120	143	176	672
8	59	154	192	353	673
9	60	155	177	354	674
10	61	156	178	355	675
11	62	157	179	356	676
12	63	158	180	357	677
13	64	159	181	358	678
14	49	160	182	359	679
15	50	145	183	360	680
16	51	146	184	361	681
1	52	147	185	362	682
2	53	148	186	363	683
3	54	149	187	364	684
4	55	150	188	365	685
5	56	151	189	366	686
6	57	152	190	367	687
7	58	153	191	368	688
26	90	270	324	348	689
27	91	271	325	349	690
28	92	272	326	350	691
29	93	257	327	351	692
30	94	258	328	352	693
31	95	259	329	337	694
32	96	260	330	338	695
17	81	261	331	339	696
18	82	262	332	340	697
19	83	263	333	341	698
20	84	264	334	342	699
21	85	265	335	343	700
22	86	266	336	344	701
23	87	267	321	345	702
24	88	268	322	346	703
25	89	269	323	347	704
1	207	221	287	705
2	208	222	288	706
3	193	223	273	707
4	194	224	274	708
5	195	209	275	709
6	196	210	276	710
7	197	211	277	711
8	198	212	278	712
9	199	213	279	713
10	200	214	280	714
11	201	215	281	715
12	202	216	282	716
13	203	217	283	717
14	204	218	284	718
15	205	219	285	719
16	206	220	286	720
29	36	171	297	721
30	37	172	298	722
31	38	173	299	723
32	39	174	300	724
17	40	175	301	725
18	41	176	302	726
19	42	161	303	727
20	43	162	304	728
21	44	163	289	729
22	45	164	290	730
23	46	165	291	731
24	47	166	292	732
25	48	167	293	733
26	33	168	294	734
27	34	169	295	735
28	35	170	296	736
1	55	77	181	367	737
2	56	78	182	368	738
3	57	79	183	353	739
4	58	80	184	354	740
5	59	65	185	355	741
6	60	66	186	356	742
7	61	67	187	357	743
8	62	68	188	358	744
9	63	69	189	359	745
10	64	70	190	360	746
11	49	71	191	361	747
12	50	72	192	362	748
13	51	73	177	363	749
14	52	74	178	364	750
15	53	75	179	365	751
16	54	76	180	366	752
24	105	117	231	753
25	106	118	232	754
26	107	119	233	755
27	108	120	234	756
28	109	121	235	757
29	110	122	236	758
30	111	123	237	759
31	112	124	238	760
32	97	125	239	761
17	98	126	240	762
18	99	127	225	763
19	100	128	226	764
20	101	113	227	765
21	102	114	228	766
22	103	115	229	767
23	104	116	230	768
4	36	72	254	769
5	37	73	255	770
6	38	74	256	771
7	39	75	241	772
8	40	76	242	773
9	41	77	243	774
10	42	78	244	775
11	43	79	245	776
12	44	80	246	777
13	45	65	247	778
14	46	66	248	779
15	47	67	249	780
16	48	68	250	781
1	33	69	251	782
2	34	70	252	783
3	35	71	253	784
26	105	131	785
27	106	132	786
28	107	133	787
29	108	134	788
30	109	135	789
31	110	136	790
32	111	137	791
17	112	138	792
18	97	139	793
19	98	140	794
20	99	141	795
21	100	142	796
22	101	143	797
23	102	144	798
24	103	129	799
25	104	130	800
1	70	310	352	801
2	71	311	337	802
3	72	312	338	803
4	73	313	339	804
5	74	314	340	805
6	75	315	341	806
7	76	316	342	807
8	77	317	343	808
9	78	318	344	809
10	79	319	345	810
11	80	320	346	811
12	65	305	347	812
13	66	306	348	813
14	67	307	349	814
15	68	308	350	815
16	69	309	351	816
23	237	293	407	817
24	238	294	408	818
25	239	295	409	819
26	240	296	410	820
27	225	297	411	821
28	226	298	412	822
29	227	299	413	823
30	228	300	414	824
31	229	301	415	825
32	230	302	416	826
17	231	303	401	827
18	232	304	402	828
19	233	289	403	829
20	234	290	404	830
21	235	291	405	831
22	236	292	406	832
9	170	217	394	833
10	171	218	395	834
11	172	219	396	835
12	173	220	397	836
13	174	221	398	837
14	175	222	399	838
15	176	223	400	839
16	161	224	385	840
1	162	209	386	841
2	163	210	387	842
3	164	211	388	843
4	165	212	389	844
5	166	213	390	845
6	167	214	391	846
7	168	215	392	847
8	169	216	393	848
32	114	365	414	849
17	115	366	415	850
18	116	367	416	851
19	117	368	401	852
20	118	353	402	853
21	119	354	403	854
22	120	355	404	855
23	121	356	405	856
24	122	357	406	857
25	123	358	407	858
26	124	359	408	859
27	125	360	409	860
28	126	361	410	861
29	127	362	411	862
30	128	363	412	863
31	113	364	413	864
14	193	232	394	865
15	194	233	395	866
16	195	234	396	867
1	196	235	397	868
2	197	236	398	869
3	198	237	399	870
4	199	238	400	871
5	200	239	385	872
6	201	240	386	873
7	202	225	387	874
8	203	226	388	875
9	204	227	389	876
10	205	228	390	877
11	206	229	391	878
12	207	230	392	879
13	208	231	393	880
19	44	186	340	881
20	45	187	341	882
21	46	188	342	883
22	47	189	343	884
23	48	190	344	885
24	33	191	345	886
25	34	192	346	887
26	35	177	347	888
27	36	178	348	889
28	37	179	349	890
29	38	180	350	891
30	39	181	351	892
31	40	182	352	893
32	41	183	337	894
17	42	184	338	895
18	43	185	339	896
16	120	245	288	897
1	121	246	273	898
2	122	247	274	899
3	123	248	275	900
4	124	249	276	901
5	125	250	277	902
6	126	251	278	903
7	127	252	279	904
8	128	253	280	905
9	113	254	281	906
10	114	255	282	907
11	115	256	283	908
12	116	241	284	909
13	117	242	285	910
14	118	243	286	911
15	119	244	287	912
18	102	208	360	913
19	103	193	361	914
20	104	194	362	915
21	105	195	363	916
22	106	196	364	917
23	107	197	365	918
24	108	198	366	919
25	109	199	367	920
26	110	200	368	921
27	111	201	353	922
28	112	202	354	923
29	97	203	355	924
30	98	204	356	925
31	99	205	357	926
32	100	206	358	927
17	101	207	359	928
6	234	244	297	929
7	235	245	298	930
8	236	246	299	931
9	237	247	300	932
10	238	248	301	933
11	239	249	302	934
12	240	250	303	935
13	225	251	304	936
14	226	252	289	937
15	227	253	290	938
16	228	254	291	939
1	229	255	292	940
2	230	256	293	941
3	231	241	294	942
4	232	242	295	943
5	233	243	296	944
23	221	379	945
24	222	380	946
25	223	381	947
26	224	382	948
27	209	383	949
28	210	384	950
29	211	369	951
30	212	370	952
31	213	371	953
32	214	372	954
17	215	373	955
18	216	374	956
19	217	375	957
20	218	376	958
21	219	377	959
22	220	378	960
8	152	174	196	961
9	153	175	197	962
10	154	176	198	963
11	155	161	199	964
12	156	162	200	965
13	157	163	201	966
14	158	164	202	967
15	159	165	203	968
16	160	166	204	969
1	145	167	205	970
2	146	168	206	971
3	147	169	207	972
4	148	170	208	973
5	149	171	193	974
6	150	172	194	975
7	151	173	195	976
30	60	118	305	977
31	61	119	306	978
32	62	120	307	979
17	63	121	308	980
18	64	122	309	981
19	49	123	310	982
20	50	124	311	983
21	51	125	312	984
22	52	126	313	985
23	53	127	314	986
24	54	128	315	987
25	55	113	316	988
26	56	114	317	989
27	57	115	318	990
28	58	116	319	991
29	59	117	320	992
14	138	278	993
15	139	279	994
16	140	280	995
1	141	281	996
2	142	282	997
3	143	283	998
4	144	284	999
5	129	285	1000
6	130	286	1001
7	131	287	1002
8	132	288	1003
9	133	273	1004
10	134	274	1005
11	135	275	1006
12	136	276	1007
13	137	277	1008
24	62	156	296	1009
25	63	157	297	1010
26	64	158	298	1011
27	49	159	299	1012
28	50	160	300	1013
29	51	145	301	1014
30	52	146	302	1015
31	53	147	303	1016
32	54	148	304	1017
17	55	149	289	1018
18	56	150	290	1019
19	57	151	291	1020
20	58	152	292	1021
21	59	153	293	1022
22	60	154	294	1023
23	61	155	295	1024
6	78	394	1025
7	79	395	1026
8	80	396	1027
9	65	397	1028
10	66	398	1029
11	67	399	1030
12	68	400	1031
13	69	385	1032
14	70	386	1033
15	71	387	1034
16	72	388	1035
1	73	389	1036
2	74	390	1037
3	75	391	1038
4	76	392	1039
5	77	393	1040
24	260	302	412	1041
25	261	303	413	1042
26	262	304	414	1043
27	263	289	415	1044
28	264	290	416	1045
29	265	291	401	1046
30	266	292	402	1047
31	267	293	403	1048
32	268	294	404	1049
17	269	295	405	1050
18	270	296	406	1051
19	271	297	407	1052
20	272	298	408	1053
21	257	299	409	1054
22	258	300	410	1055
23	259	301	411	1056
12	126	148	366	1057
13	127	149	367	1058
14	128	150	368	1059
15	113	151	353	1060
16	114	152	354	1061
1	115	153	355	1062
2	116	154	356	1063
3	117	155	357	1064
4	118	156	358	1065
5	119	157	359	1066
6	120	158	360	1067
7	121	159	361	1068
8	122	160	362	1069
9	123	145	363	1070
10	124	146	364	1071
11	125	147	365	1072
22	104	168	1073
23	105	169	1074
24	106	170	1075
25	107	171	1076
26	108	172	1077
27	109	173	1078
28	110	174	1079
29	111	175	1080
30	112	176	1081
31	97	161	1082
32	98	162	1083
17	99	163	1084
18	100	164	1085
19	101	165	1086
20	102	166	1087
21	103	167	1088

